914 1017
452 445
523 295
657 828
416 169
656 744
719 319
24 505
344 494
675 67
232 380
313 130
839 602
909 756
129 367
469 786
137 537
339 104
354 16
483 514
167 277
549 229
678 6
13 840
17 765
721 715
188 278
681 700
813 117
547 767
736 901
713 172
125 35
2 430
396 886
228 907
254 518
902 435
219 666
358 306
729 573
734 259
737 557
417 91
574 791
248 590
204 671
396 484
415 408
164 451
575 340
601 469
739 113
867 132
296 763
647 834
616 388
248 233
480 470
82 62
813 99
530 687
287 398
517 89
466 667
553 368
563 792
742 889
829 215
789 10
279 673
365 466
189 484
279 824
793 567
398 875
229 100
402 278
157 94
394 845
320 880
145 161
889 743
886 555
80 410
504 548
854 353
686 34
740 831
236 856
36 701
264 489
786 886
21 441
159 800
491 69
67 18
12 324
413 34
387 646
439 561
659 650
847 335
373 440
789 19
194 487
900 10
446 186
650 331
146 2
696 689
59 466
672 804
51 100
234 332
604 534
591 764
284 303
294 722
124 609
713 132
532 5
502 842
42 265
822 643
759 243
556 20
616 824
185 574
52 653
629 471
95 566
214 356
94 849
911 29
335 360
195 902
16 594
123 541
767 875
70 457
528 554
56 241
42 144
174 338
300 70
902 277
273 545
314 261
627 25
354 355
188 835
774 493
437 35
239 516
605 153
898 59
729 388
639 71
639 181
556 301
840 364
638 200
98 516
734 860
400 91
188 590
721 652
841 498
276 659
616 709
428 214
746 105
638 259
78 414
547 859
314 864
717 463
244 225
147 635
606 206
509 245
208 225
33 106
195 713
462 430
493 543
576 482
43 326
859 157
120 617
861 177
529 680
845 855
598 823
297 532
352 701
55 72
93 821
346 607
410 862
595 182
104 412
277 80
909 50
780 407
30 73
309 184
225 745
727 196
712 729
228 167
280 144
802 537
346 794
586 880
698 846
527 672
874 901
463 577
892 597
798 714
686 303
305 249
509 676
691 513
536 137
479 46
736 256
491 638
373 649
278 204
660 780
121 736
594 519
606 899
381 461
441 692
420 82
687 402
655 168
192 488
325 477
766 390
52 599
743 757
152 551
277 738
719 480
162 500
646 820
649 427
599 32
739 838
823 545
346 902
171 755
220 703
157 495
766 687
291 419
48 516
233 354
562 280
97 264
225 143
126 124
335 573
108 510
427 831
80 819
201 851
850 477
717 509
389 521
602 503
171 581
339 368
895 645
400 215
619 824
805 251
161 425
59 325
553 622
205 27
299 492
303 727
527 268
137 372
375 363
783 639
482 138
469 361
455 618
257 455
131 737
261 828
232 496
267 179
855 307
418 486
721 268
645 304
333 174
481 14
203 547
269 830
815 294
234 353
459 891
911 498
360 358
406 139
209 784
44 796
212 401
91 812
913 146
11 835
883 111
692 629
796 736
823 72
881 193
393 860
852 234
526 705
58 670
468 838
743 362
479 115
308 242
899 91
297 414
720 410
664 465
179 594
277 566
532 94
191 858
485 724
647 197
334 271
406 168
599 331
630 394
106 355
429 821
689 623
439 80
507 430
522 869
805 849
693 893
732 680
849 728
94 831
705 233
744 92
342 135
828 12
333 256
864 732
197 94
799 724
584 54
438 762
637 650
720 130
69 728
271 193
413 654
665 224
580 524
41 606
416 863
167 721
376 820
112 272
680 830
551 550
322 670
513 462
16 320
883 858
773 654
694 841
475 273
349 674
337 804
168 281
325 700
528 312
164 766
550 901
731 672
213 751
147 731
606 759
605 789
477 523
260 908
551 731
617 152
347 256
114 726
280 914
687 857
223 356
260 498
131 355
154 218
875 92
591 831
536 47
60 367
117 326
739 794
240 643
137 263
452 842
773 351
86 300
740 580
744 501
393 887
71 179
426 734
544 607
839 444
910 642
506 147
108 630
468 688
433 498
507 154
209 262
844 59
869 337
7 582
643 911
139 380
802 532
386 33
470 819
277 790
837 468
162 332
604 667
97 807
513 864
669 517
753 588
120 190
898 29
202 702
873 686
413 893
698 385
169 464
331 578
213 663
458 531
375 471
114 113
612 496
91 81
774 232
288 234
428 747
860 32
479 40
497 607
13 586
157 388
252 219
137 801
13 888
606 424
78 371
429 441
295 870
343 194
27 784
599 739
101 291
246 114
603 534
384 223
751 292
115 183
193 96
688 172
201 140
256 252
535 243
252 882
83 41
402 803
824 492
201 150
723 238
706 311
645 90
742 653
65 64
61 324
734 525
157 200
604 298
335 535
509 170
329 573
495 294
879 771
121 418
44 34
760 325
690 778
107 659
473 316
385 823
242 67
130 569
749 312
708 431
614 394
851 68
101 557
474 9
280 249
805 788
896 581
585 165
575 20
694 439
629 2
136 368
59 509
427 16
266 414
312 519
321 396
755 125
560 265
329 597
882 366
436 574
738 906
617 656
844 209
143 900
491 461
512 669
897 487
17 548
226 346
730 687
562 288
55 158
407 477
146 57
299 159
267 194
216 112
419 683
735 269
43 416
150 388
883 98
639 312
436 779
496 148
259 524
780 232
121 810
684 431
443 641
116 726
132 595
411 175
204 359
139 214
247 862
692 261
259 295
871 552
422 389
68 214
789 910
636 690
784 843
231 97
721 217
270 249
543 207
751 694
113 664
743 639
509 600
21 49
379 418
156 396
54 853
815 305
30 378
196 73
463 180
308 26
775 333
295 760
687 141
772 141
712 371
818 147
273 76
41 56
252 114
202 549
119 496
420 787
542 579
399 309
477 899
76 888
345 194
729 544
135 261
667 4
808 63
231 377
493 309
396 675
399 913
501 121
766 373
489 67
829 789
786 80
51 505
383 888
176 303
803 666
168 112
385 414
914 183
4 74
572 657
755 694
461 13
599 561
319 627
166 385
539 185
145 735
56 281
424 344
708 342
556 714
506 851
497 356
497 841
293 46
19 303
882 196
20 331
725 899
880 878
672 363
163 595
864 511
354 418
45 542
37 674
328 314
24 383
493 491
203 816
602 229
545 793
335 354
237 353
606 643
555 572
201 707
246 367
640 908
160 913
361 594
65 841
10 54
263 424
357 477
491 476
182 372
543 7
675 320
286 732
564 242
493 458
717 704
350 578
707 812
829 157
354 306
556 250
808 714
675 843
856 313
182 688
815 850
866 83
302 118
914 407
394 886
93 51
624 329
736 718
762 189
217 595
399 225
32 377
318 817
909 72
437 912
269 457
294 748
60 230
730 559
689 585
618 784
403 474
170 51
146 785
7 455
222 747
782 346
318 509
786 873
348 480
373 806
697 629
729 489
1 212
577 479
863 476
452 45
38 488
127 242
623 729
206 574
279 872
205 732
66 580
893 118
848 662
704 784
110 719
496 602
904 423
794 650
140 305
246 510
294 496
282 185
556 862
813 694
857 298
583 213
460 65
569 273
266 273
525 121
284 439
739 705
695 552
126 182
557 455
896 69
285 13
9 644
170 631
63 309
364 72
768 577
280 435
156 412
98 124
229 880
89 408
886 90
539 844
816 898
20 587
650 658
595 568
31 22
482 342
855 335
412 40
270 707
149 71
382 359
874 540
292 587
644 157
480 763
829 95
464 357
745 161
632 700
372 854
386 660
646 213
185 154
104 178
559 326
752 885
104 634
175 300
654 75
819 339
695 906
271 94
705 603
388 785
302 24
111 700
610 566
46 629
827 671
656 707
288 151
277 910
679 109
227 3
784 452
630 378
764 521
412 287
838 99
572 194
267 353
541 909
177 410
870 108
297 88
585 492
302 299
566 487
134 617
65 291
830 47
752 170
462 574
493 430
294 703
25 320
629 158
554 21
445 13
383 226
732 333
291 474
298 3
224 482
415 872
211 838
264 876
612 799
408 507
614 886
872 74
560 864
138 571
895 707
772 309
755 407
715 370
360 724
749 565
349 838
9 155
509 882
640 154
563 902
92 42
311 285
201 73
401 52
637 715
399 843
349 524
526 288
862 612
611 346
25 144
81 275
605 820
436 374
500 405
850 763
890 828
385 580
856 836
903 612
417 69
346 798
514 396
3 38
285 750
890 467
579 88
398 795
25 496
541 477
580 211
642 320
74 912
203 892
760 730
646 885
414 331
11 506
788 9
632 691
318 595
74 20
212 205
290 103
910 81
203 561
198 295
807 735
30 782
630 314
663 724
384 583
152 110
278 841
890 36
800 863
463 147
28 460
138 707
608 770
298 31
227 793
365 653
692 451
261 204
235 54
779 672
631 206
99 457
733 877
872 199
673 871
881 856
298 758
693 399
444 913
363 619
784 861
754 241
825 770
738 909
641 595
730 743
837 577
590 35
695 781
6 112
774 526
160 245
806 628
823 252
849 189
873 456
228 753
439 247
135 306
85 589
69 134
215 469
50 609
236 410
872 231
878 258
394 803
536 10
802 538
468 743
224 794
546 670
546 331
316 310
824 601
403 386
644 547
747 501
323 304
557 322
802 490
214 867
474 504
771 354
189 391
695 351
712 311
484 794
739 289
854 169
542 685
80 527
686 639
272 141