1000 9881
584 430
432 939
877 727
643 931
346 33
916 501
901 359
722 452
688 380
161 99
39 471
397 665
398 402
754 68
310 686
497 501
61 748
567 608
342 255
476 805
77 578
218 81
509 136
670 489
727 30
625 66
678 980
960 71
388 386
249 342
602 338
610 873
94 174
577 144
133 466
648 361
341 287
992 681
705 244
32 618
563 210
925 967
322 700
82 512
809 182
993 305
387 488
796 852
504 866
601 308
639 212
987 799
326 239
438 981
666 376
25 368
776 408
649 622
395 802
197 82
144 98
552 127
991 632
359 194
650 3
763 11
442 250
281 56
687 384
604 290
309 586
36 310
496 819
707 571
747 298
305 275
16 842
346 449
988 48
680 481
444 674
637 279
656 378
766 101
713 383
841 818
695 187
132 747
684 424
704 534
816 112
447 466
105 15
197 551
717 304
365 37
314 261
977 451
709 783
500 616
746 256
802 46
629 137
232 759
77 753
533 909
341 925
933 761
163 713
826 267
450 968
812 298
996 95
815 645
981 749
32 943
646 161
649 387
651 765
138 920
655 157
329 735
554 256
143 547
316 563
890 408
47 845
268 942
930 507
933 940
385 914
669 866
563 483
449 199
503 268
985 53
919 510
903 917
613 517
924 80
672 57
235 540
806 10
179 27
238 570
834 325
670 743
801 628
347 974
371 237
119 849
389 749
71 511
628 968
594 680
344 660
614 687
466 311
527 568
783 674
775 530
904 585
283 644
175 402
533 556
111 528
202 348
387 738
262 498
724 185
260 232
314 997
421 911
469 147
144 364
880 550
864 443
332 705
496 863
188 637
405 236
603 759
695 159
916 216
893 539
389 312
822 6
570 103
977 47
104 941
855 74
241 372
901 302
78 116
994 925
441 779
99 739
996 115
281 278
213 375
17 564
604 616
933 622
476 975
147 89
475 548
596 808
321 895
526 983
29 133
397 673
697 427
355 43
69 761
990 883
437 529
259 273
138 670
23 329
8 254
317 108
654 85
537 197
292 727
249 255
212 501
454 94
681 42
607 84
444 192
550 260
439 351
244 821
979 314
232 981
328 456
170 617
224 297
520 966
351 640
300 918
986 324
162 595
366 755
666 35
923 432
541 993
33 998
305 121
604 379
287 57
571 354
737 94
609 747
773 418
567 150
269 623
129 36
464 970
392 722
551 642
702 826
996 467
797 542
964 113
849 897
327 947
458 942
276 19
133 758
81 205
500 561
263 375
391 834
341 627
470 857
72 280
989 627
920 102
190 328
318 285
47 705
234 628
641 220
521 847
997 169
817 563
176 389
251 987
398 519
552 800
958 220
636 494
854 413
289 363
809 524
682 770
722 515
502 891
930 468
364 888
421 207
460 299
534 574
173 381
217 106
513 597
18 13
994 370
939 415
722 805
299 636
969 592
454 152
769 892
909 137
94 179
744 130
904 545
502 180
69 511
884 746
545 582
675 915
416 542
715 402
643 177
19 619
904 803
799 562
302 254
508 681
197 492
14 690
154 49
562 402
600 225
975 184
140 124
876 310
226 415
746 710
432 258
465 85
735 514
944 685
528 44
125 380
547 385
167 635
573 468
889 807
67 703
619 378
990 506
841 900
957 998
453 174
928 768
505 927
876 762
129 177
614 2
119 608
745 177
822 95
590 43
224 736
958 527
500 533
81 631
893 202
470 869
56 921
684 235
282 656
885 870
959 419
488 68
90 715
976 169
584 318
74 916
200 551
57 162
702 274
217 932
371 327
916 724
151 617
526 911
445 253
636 208
679 356
757 580
499 876
133 320
317 35
389 982
766 786
625 210
74 296
493 674
991 423
23 369
815 149
434 429
269 17
435 217
572 430
365 616
64 253
778 873
728 148
77 709
807 928
638 188
165 849
541 534
908 831
361 574
255 222
295 887
576 247
106 778
107 479
269 836
629 126
611 991
207 8
282 497
49 474
359 253
935 820
274 877
381 104
542 750
890 558
391 198
943 629
430 920
916 962
292 921
101 279
428 73
715 843
572 816
422 939
522 461
229 435
106 462
949 906
238 323
718 201
186 486
958 600
444 786
819 838
324 296
806 668
916 180
479 588
436 533
355 626
761 567
920 94
379 217
125 821
218 73
698 351
510 785
920 53
851 695
691 906
747 774
860 575
937 526
829 552
649 386
268 984
910 347
488 350
365 8
972 48
61 783
982 121
490 875
60 457
706 119
817 950
947 835
195 998
913 311
365 298
887 421
247 938
156 971
213 150
285 745
179 26
252 636
4 151
231 278
863 129
910 151
217 380
880 12
843 144
900 361
188 75
155 178
999 781
677 25
369 666
79 787
266 668
912 166
605 295
143 770
420 389
828 10
652 216
25 974
595 478
616 835
232 664
379 859
430 837
32 756
509 212
455 786
142 504
386 311
832 875
525 264
305 173
490 227
573 540
576 352
850 131
779 389
874 13
177 491
680 478
516 876
591 168
43 398
172 42
251 611
675 197
290 61
509 935
257 300
219 126
232 934
93 601
3 849
578 571
797 347
546 221
351 843
755 209
809 40
859 191
626 158
682 924
486 213
151 691
528 712
583 588
655 835
454 512
368 705
665 539
743 906
436 186
276 547
707 257
826 882
200 861
921 911
938 983
441 597
456 834
863 19
259 417
667 300
728 302
710 386
71 188
808 390
863 160
296 186
406 291
541 444
209 379
283 468
178 130
136 549
326 10
516 238
259 95
634 11
407 975
65 284
624 45
255 1
421 767
148 595
672 659
16 471
951 291
843 410
573 237
888 257
61 441
154 77
266 515
504 10
213 382
288 795
400 965
888 368
282 297
306 403
568 834
491 917
422 785
704 258
656 421
931 109
145 928
222 662
98 896
103 401
380 762
441 362
243 50
741 287
922 411
923 846
876 806
219 45
826 127
976 928
100 376
530 779
821 312
641 162
695 275
739 643
811 894
261 337
134 225
47 704
929 239
267 960
487 869
237 850
418 364
333 383
741 66
462 541
492 416
366 505
540 630
195 755
472 908
470 427
532 146
401 368
111 431
593 484
21 915
61 710
317 316
579 153
299 679
753 158
346 796
774 576
459 23
722 659
276 555
193 103
781 606
892 295
89 54
809 813
574 111
77 557
425 20
750 574
284 201
782 120
677 366
623 550
153 664
313 687
723 672
575 643
277 19
117 482
265 925
22 799
871 270
175 375
914 389
973 934
960 75
123 927
344 928
696 27
708 374
809 378
956 255
631 575
945 362
840 384
782 551
884 841
704 255
248 43
874 163
675 302
35 79
309 628
625 851
441 420
350 188
153 24
390 287
110 512
628 453
370 469
975 336
492 960
917 87
573 636
650 370
962 544
432 847
968 145
842 694
883 94
775 174
747 767
452 401
946 440
104 998
5 176
43 5
389 17
377 979
963 948
712 372
587 576
753 344
367 964
621 353
677 607
536 817
539 658
388 110
981 809
549 533
335 547
459 51
456 779
88 122
334 812
414 361
472 53
559 942
643 398
56 308
899 792
796 176
598 268
947 4
251 403
161 911
790 466
166 408
776 188
528 589
58 916
317 885
232 927
175 234
461 201
541 646
804 456
165 690
896 107
866 769
794 34
175 617
639 52
974 811
520 622
775 718
941 226
62 917
548 68
434 612
997 54
457 989
520 765
533 857
976 586
738 553
301 869
225 587
848 739
871 980
251 567
158 1
529 659
823 666
897 151
641 109
134 30
335 683
393 912
56 950
509 740
43 208
281 747
418 404
113 788
609 911
975 872
7 970
17 590
146 362
493 65
665 723
502 817
820 222
643 703
769 616
644 396
649 18
810 39
248 858
869 536
726 115
138 760
213 36
506 30
274 488
666 998
649 204
248 713
28 159
250 27
680 726
144 20
299 980
981 144
739 450
5 522
986 681
550 286
221 396
352 325
424 178
425 671
933 326
818 94
801 852
917 602
149 704
836 526
330 407
302 863
900 543
461 767
391 148
505 651
358 157
625 650
898 232
772 860
560 315
426 761
465 675
253 238
384 285
936 986
46 384
847 172
278 761
427 721
174 446
710 668
401 958
533 893
880 695
93 694
3 690
777 683
244 262
894 472
487 610
694 781
336 292
228 786
375 989
930 10
42 730
225 704
500 590
998 453
837 585
489 731
271 951
459 447
352 123
873 893
727 14
142 640
985 328
557 459
411 673
959 786
990 599
792 356
952 106
420 512
55 851
42 30
207 760
227 22
462 851
764 471
982 410
839 263
409 121
716 82
611 380
4 86
756 883
556 641
155 450
109 27
490 991
625 8
631 22
722 974
765 876
736 778
19 480
576 149
50 502
783 482
629 354
44 255
100 684
710 173
857 879
452 693
666 271
245 26
909 153
284 854
904 172
787 709
885 42
870 950
525 73
374 545
451 516
884 886
921 228
318 884
465 736
376 69
214 805
620 856
968 265
35 82
275 931
112 591
556 496
477 345
102 110
965 164
380 644
879 674
310 123
520 693
119 745
928 998
50 540
716 893
384 104
24 447
614 100
724 556
30 245
893 947
744 853
347 19
384 7
479 630
983 717
399 440
882 311
208 202
784 342
708 143
180 288
16 705
769 261
879 102
256 368
275 460
959 30
318 402
946 939
622 316
497 125
904 395
588 331
346 874
137 344
789 556
369 59
182 856
765 701
859 440
743 830
264 8
763 68
856 674
35 839
511 842
249 447
51 241
92 771
841 38
100 347
99 71
892 518
507 608
145 37
757 903
41 84
294 646
227 353
389 658
653 837
984 36
481 372
535 353
793 578
494 969
923 195
72 658
514 444
688 966
990 169
4 398
971 760
598 562
395 827
171 413
992 861
168 143
315 224
525 109
836 981
567 839
861 422
419 239
646 594
159 209
579 665
276 467
835 803
512 705
162 454
216 743
404 127
333 175
410 648
712 8
766 223
16 527
955 380
519 23
299 240
119 531
788 84
95 538
78 364
410 938
855 12
363 850
915 843
534 547
95 683
171 75
30 258
34 833
697 7
556 830
657 509
81 346
854 447
342 131
234 776
751 813
736 530
642 737
56 471
316 921
657 947
342 877
274 389
66 338
847 960
683 867
460 472
977 578
445 108
690 824
415 596
641 499
990 984
278 436
562 707
10 737
505 178
213 865
790 467
526 579
259 9
136 732
53 825
700 452
581 455
398 751
239 711
611 880
975 243
960 168
712 537
538 189
26 595
219 936
55 198
93 911
338 54
662 106
954 284
202 537
866 608
564 979
747 303
824 768
971 34
988 930
882 413
348 257
945 849
784 465
713 461
887 877
453 714
937 961
111 34
802 863
189 884
301 177
12 767
87 21
57 482
996 203
851 712
980 940
251 788
512 122
87 138
489 655
808 961
497 410
744 243
378 401
587 623
694 769
143 5
536 159
773 158
612 394
748 570
693 87
87 488
694 688
725 358
621 469
933 937
772 489
294 925
913 927
160 401
493 755
773 961
227 475
877 141
398 830
882 741
482 247
299 983
37 215
584 184
293 189
155 180
141 121
770 875
23 535
370 967
300 542
317 920
546 962
908 221
412 908
913 881
552 207
329 122
439 485
79 898
45 878
942 4
827 836
663 442
991 601
317 634
654 555
433 101
940 372
940 876
443 204
63 751
118 590
537 456
279 659
157 487
148 222
77 272
115 101
150 420
617 811
814 655
963 307
546 505
141 799
418 100
68 22
778 196
747 553
328 841
256 230
495 487
354 729
449 715
863 367
582 645
142 534
716 252
574 565
706 461
673 196
985 602
837 985
551 223
773 353
265 90
428 514
323 492
809 533
57 216
811 67
662 293
144 692
246 23
753 240
61 785
958 1
62 218
418 19
868 730
820 34
198 394
159 912
936 346
147 824
557 893
83 950
247 891
144 594
635 427
751 571
882 694
259 419
133 390
697 763
239 936
899 851
335 325
27 60
999 930
961 815
635 304
487 31
199 683
224 445
477 5
888 660
10 808
942 433
690 182
736 472
244 167
300 913
709 507
358 155
278 311
912 19
111 561
572 341
887 892
875 924
987 614
548 510
954 357
258 300
296 647
580 511
139 243
489 122
110 618
756 216
577 955
511 38
458 28
395 474
803 41
72 61
533 144
500 748
690 589
985 875
452 296
916 255
778 248
765 120
52 453
411 622
592 865
220 546
574 721
627 489
116 627
873 856
843 560
555 132
480 782
334 691
734 938
825 142
682 769
512 124
246 704
891 157
913 467
142 959
221 926
945 510
39 269
955 908
705 849
579 808
191 470
820 6
982 212
471 934
539 470
502 24
238 518
276 821
939 545
619 533
240 102
666 590
633 657
669 585
50 411
982 752
809 94
957 462
598 448
835 782
88 137
733 295
240 836
224 345
796 995
176 732
340 295
801 787
767 88
906 329
552 135
211 21
242 165
310 334
905 813
220 188
274 772
840 454
653 139
763 862
720 142
694 476
699 438
936 772
816 362
580 467
618 536
76 941
771 978
975 338
923 703
534 849
383 903
922 988
668 989
297 1000
923 812
46 557
910 774
16 512
698 100
812 28
447 11
730 693
547 857
397 802
452 403
616 958
629 18
179 637
794 930
959 428
873 171
531 685
380 109
753 461
642 750
772 577
965 21
260 381
78 412
986 170
706 797
404 862
223 374
336 154
155 766
816 660
251 105
786 820
34 689
557 675
771 868
872 139
891 185
873 598
692 446
566 403
808 659
539 517
613 668
778 675
341 57
895 614
127 456
255 647
716 155
900 82
26 611
155 397
579 711
66 864
412 276
61 59
687 987
155 58
677 145
143 533
577 1000
97 783
649 944
887 85
264 402
657 109
658 830
472 341
148 784
188 17
279 202
980 53
411 498
527 544
754 742
774 855
493 699
728 949
50 225
628 662
523 218
794 32
98 757
596 116
799 305
68 461
322 973
126 223
951 82
457 882
221 249
258 357
560 557
776 762
569 849
186 131
225 367
7 499
870 89
709 213
233 164
381 100
435 948
708 955
332 119
975 99
43 308
660 411
870 443
68 897
486 432
769 418
533 57
573 840
225 698
634 854
15 299
436 796
24 150
81 411
65 574
786 630
471 298
976 136
555 538
321 325
393 112
952 481
789 754
951 754
298 63
686 874
218 374
751 832
809 585
739 776
954 14
62 63
229 598
674 933
324 464
952 63
91 541
934 499
477 636
648 216
687 665
212 767
375 349
749 48
934 66
512 375
355 273
818 747
840 911
161 568
753 902
365 440
386 863
484 241
960 376
409 486
62 488
32 843
696 290
2 367
277 551
210 522
335 752
630 110
616 680
230 344
36 993
753 625
611 879
478 410
544 178
409 34
767 225
714 511
272 294
111 653
322 672
337 448
136 821
984 601
508 431
182 168
534 61
757 300
764 728
600 617
49 165
557 5
725 989
120 270
773 385
419 388
959 262
161 205
148 61
205 60
209 185
337 908
945 717
765 452
470 160
297 692
859 176
368 30
661 362
384 714
449 276
967 942
329 878
649 419
981 894
470 509
958 6
411 961
839 257
402 132
350 214
521 74
796 468
660 50
696 224
255 351
860 979
863 28
958 352
62 309
293 207
277 714
313 769
616 486
304 664
161 949
880 43
821 714
36 5
554 582
336 823
961 595
129 286
560 614
524 897
780 27
158 643
953 697
441 397
206 143
443 235
727 635
304 179
654 695
434 554
571 215
85 951
232 405
695 78
75 358
612 952
8 774
667 681
851 308
655 748
949 975
136 935
608 207
807 481
534 315
883 71
168 864
613 338
524 453
17 857
34 89
751 196
113 752
129 843
204 265
686 48
664 111
739 533
557 412
595 537
472 992
532 46
430 620
760 583
190 174
30 695
234 786
942 820
623 321
618 956
39 268
374 165
531 76
715 219
554 87
576 547
759 50
579 952
526 209
575 418
278 48
623 547
4 226
863 112
352 946
316 213
389 527
451 934
397 52
326 474
94 70
494 860
26 302
779 804
230 518
981 342
970 725
902 619
609 115
147 812
672 323
988 485
74 101
596 226
300 999
887 573
805 575
978 496
771 166
828 461
166 684
650 829
598 675
382 14
488 637
631 75
570 715
491 626
877 409
920 394
187 157
171 624
387 591
907 132
837 459
669 810
509 10
194 724
206 26
693 524
289 862
112 843
812 142
334 254
63 772
444 778
488 170
430 717
842 693
720 501
650 448
157 240
655 625
252 178
825 862
25 614
321 463
637 193
837 527
308 243
928 844
483 335
1000 35
410 987
68 723
159 676
402 923
242 218
61 630
8 382
25 640
281 814
177 845
320 156
806 304
113 79
129 738
522 843
355 22
160 24
329 695
471 980
4 921
502 970
48 845
69 701
325 579
221 530
293 421
351 243
133 332
890 355
763 211
655 459
813 959
99 251
62 461
654 17
805 427
255 484
700 343
402 494
151 41
745 938
687 75
835 860
178 73
966 246
405 899
870 530
84 244
502 438
50 15
412 938
896 851
144 200
456 714
685 423
615 810
338 274
102 379
653 73
642 506
382 219
761 50
935 280
176 840
619 60
145 579
456 603
525 480
787 513
948 985
128 922
845 515
183 188
661 178
520 736
996 689
813 37
33 531
163 176
699 66
99 559
54 58
935 743
936 543
846 6
3 744
333 81
975 678
559 935
774 32
437 211
989 518
72 368
500 629
601 479
33 494
77 989
25 578
997 156
302 962
708 193
582 814
347 379
664 423
901 326
298 941
448 196
830 623
276 932
264 996
214 120
627 721
665 940
905 125
873 561
133 922
968 731
109 255
772 491
685 733
574 91
688 714
35 769
553 732
147 655
43 558
815 196
28 154
217 246
756 871
420 860
819 46
396 470
313 853
184 481
834 497
247 548
469 602
914 441
420 50
904 636
743 260
600 46
774 816
284 428
728 914
145 670
849 642
338 137
287 64
129 418
258 326
611 588
867 726
300 205
463 259
525 260
983 663
805 532
184 104
516 729
594 233
757 299
392 827
926 312
846 499
738 712
449 943
853 663
128 132
718 41
693 501
17 892
750 766
717 463
55 744
662 432
96 487
149 355
208 225
940 178
544 846
543 343
90 205
896 8
955 535
59 602
388 892
52 861
427 303
429 427
86 992
342 94
813 399
57 222
282 701
190 2
568 243
865 796
204 170
750 223
497 432
192 674
413 895
674 966
624 613
551 474
221 553
352 824
692 230
957 198
479 262
473 84
818 256
329 425
257 644
160 890
989 206
973 860
431 397
118 125
709 566
356 674
857 963
294 744
581 57
706 744
544 243
139 553
452 688
837 463
887 600
428 10
411 445
892 818
35 377
608 533
738 168
461 527
978 379
448 934
951 428
936 155
153 151
482 733
710 989
380 528
400 840
534 111
422 789
59 77
261 665
776 691
798 432
487 733
917 462
132 906
41 731
651 158
780 890
983 861
694 272
419 466
922 487
923 834
232 293
552 763
31 321
860 191
935 687
974 435
81 192
725 887
158 330
245 893
394 239
381 269
163 934
648 710
521 600
668 665
318 262
891 448
141 995
350 631
168 927
977 159
824 374
54 447
826 460
7 527
302 869
626 17
256 401
424 531
23 725
282 657
353 340
752 583
610 637
203 177
881 557
761 767
833 282
122 835
764 502
71 126
330 820
152 960
69 617
918 584
421 44
71 151
134 835
231 453
433 406
292 351
700 332
505 4
838 326
306 254
737 802
40 46
893 47
322 884
823 468
737 915
130 35
667 840
614 728
732 914
430 466
914 675
185 721
309 61
40 332
296 726
836 976
504 409
432 406
829 775
992 190
188 947
873 365
896 436
435 858
186 92
542 913
671 55
816 926
50 575
793 590
56 576
73 742
515 475
793 221
78 81
353 598
135 506
638 905
751 362
789 905
348 431
404 489
983 2
732 616
750 694
966 787
850 760
579 458
981 610
285 43
488 73
702 388
171 76
29 38
926 204
712 376
824 274
971 485
879 244
259 545
167 152
740 174
759 322
967 881
136 131
726 248
30 547
969 464
505 128
563 958
265 370
543 867
838 625
360 560
344 469
622 936
716 149
929 66
113 168
351 581
359 35
283 114
654 103
625 213
791 794
259 509
823 496
243 906
652 636
473 913
855 227
517 358
227 670
782 890
641 870
681 101
45 758
887 659
926 769
925 882
757 131
913 795
435 619
404 986
280 680
69 18
35 158
341 831
780 220
898 789
17 537
93 829
846 357
24 732
758 561
707 545
376 239
149 286
675 95
712 632
840 237
147 391
242 827
115 59
223 191
98 823
953 882
854 530
124 315
570 77
495 460
206 785
463 374
668 705
855 45
638 647
626 887
668 624
299 511
284 329
892 22
929 4
118 530
811 88
684 91
541 111
670 301
319 833
159 808
255 583
56 7
789 609
62 33
113 1
973 411
22 671
829 261
759 68
599 511
237 346
888 483
729 658
208 608
192 869
579 627
397 490
348 632
934 211
536 606
294 882
563 135
1000 619
624 951
691 107
250 249
622 529
455 602
168 638
921 498
919 75
316 508
101 882
338 356
417 787
899 933
909 194
701 497
991 602
206 262
558 219
810 926
600 333
430 846
761 606
895 446
189 221
231 701
372 291
249 658
582 316
767 880
612 823
558 437
561 503
945 912
141 651
825 586
12 460
537 126
700 530
940 909
957 809
561 64
449 942
668 860
250 927
713 285
766 827
702 659
557 148
410 621
814 765
926 475
655 571
90 859
346 193
110 286
937 802
295 184
722 356
850 817
727 149
655 936
307 726
15 265
327 747
76 297
651 817
161 45
949 60
364 620
401 510
642 724
367 907
579 19
670 254
658 122
226 764
722 537
317 275
851 967
302 697
311 901
360 378
109 81
53 442
825 337
653 635
825 450
330 864
593 558
978 820
830 173
445 401
583 911
770 552
421 408
616 488
752 24
292 395
511 1
973 812
914 410
718 684
257 896
562 488
359 34
287 257
58 571
535 63
795 338
893 523
404 914
166 785
461 671
248 20
121 266
943 955
633 851
253 797
105 173
460 729
228 589
745 445
907 154
637 759
395 78
230 851
515 337
559 632
449 793
525 696
943 665
55 297
497 565
817 250
228 128
70 24
20 951
984 870
355 544
707 791
814 537
15 764
626 989
519 188
613 161
417 857
842 881
385 528
884 468
498 187
488 509
952 300
915 160
890 760
691 969
103 929
109 420
290 542
57 249
129 644
464 277
66 121
599 321
605 900
578 650
146 449
274 10
421 201
99 483
320 500
728 497
731 742
860 770
899 914
437 639
958 435
852 914
959 990
139 793
981 114
400 67
564 256
820 432
587 487
751 600
995 906
657 439
728 271
251 394
404 85
952 983
183 609
882 552
294 698
278 287
960 418
104 98
109 633
184 560
919 2
867 341
705 146
135 531
887 654
690 198
433 375
962 163
723 882
766 692
107 489
588 632
224 203
90 37
465 695
562 31
162 581
366 657
610 371
205 557
866 745
140 856
253 801
594 799
978 126
906 739
121 407
840 355
552 311
206 24
671 54
802 189
159 354
58 19
387 879
793 301
10 158
306 869
200 224
42 527
63 151
870 365
546 175
15 720
487 823
608 348
828 849
157 127
108 915
468 37
203 993
111 232
294 312
811 238
960 804
298 951
46 893
198 676
125 924
200 557
169 930
61 628
996 49
320 562
199 266
701 700
977 932
9 922
962 16
156 223
138 638
433 838
899 609
965 237
563 396
194 313
433 727
71 93
570 716
576 513
23 286
27 219
784 574
639 622
705 855
677 269
571 774
826 805
100 514
819 212
412 646
472 425
435 223
329 352
862 154
40 237
147 595
4 328
540 138
501 34
448 82
947 184
752 32
878 992
918 267
648 379
652 419
356 970
634 518
398 755
515 562
675 659
76 924
538 185
961 566
374 621
812 141
162 661
895 389
310 261
993 842
25 411
98 611
707 659
923 638
374 924
175 741
822 352
552 388
457 960
497 659
461 824
997 710
963 458
267 67
840 159
497 618
879 742
773 977
595 151
513 152
16 976
733 893
178 832
96 366
719 830
833 891
996 401
396 907
200 284
348 396
721 942
299 208
836 393
767 659
845 69
494 13
363 214
618 321
565 838
9 212
941 579
821 29
470 101
631 378
636 44
303 335
656 844
507 224
679 32
555 94
721 362
207 739
902 961
959 816
35 946
346 721
113 250
844 327
924 56
374 227
446 300
549 645
832 391
691 332
286 912
562 739
209 841
981 155
51 90
936 500
809 10
773 751
181 161
987 963
130 454
187 283
518 829
813 579
118 817
318 673
819 462
197 430
154 654
867 506
136 986
233 474
250 472
785 307
457 130
594 965
124 916
713 81
934 751
317 743
340 568
309 695
310 400
94 840
962 835
121 591
304 25
915 715
220 389
292 522
850 12
673 525
158 983
824 655
147 418
96 266
349 600
354 866
634 774
820 635
177 719
894 300
72 483
624 40
129 876
367 180
760 848
389 434
836 493
592 889
185 53
501 787
790 589
176 400
948 844
687 194
977 194
7 549
990 155
412 155
370 294
683 112
562 835
924 894
284 477
360 875
180 286
700 981
517 249
207 711
7 715
250 447
38 39
587 506
201 523
971 27
520 433
994 472
133 386
338 490
503 414
783 376
308 664
112 41
274 344
710 279
179 237
554 803
828 198
533 213
876 186
804 303
786 334
477 1
973 956
830 543
311 224
250 397
857 739
16 461
89 521
457 45
899 386
115 521
67 938
175 447
469 862
991 953
278 956
582 142
766 379
126 26
296 651
650 614
280 689
382 499
607 766
242 670
315 278
409 861
138 293
980 556
374 887
214 536
17 517
71 941
336 374
634 939
873 401
545 912
953 265
873 34
266 464
323 1
346 162
773 431
385 486
133 768
198 814
789 853
132 456
668 522
498 315
66 340
12 786
863 697
664 481
591 718
447 625
544 631
156 325
88 563
830 82
693 873
167 327
320 582
199 182
610 635
166 5
616 152
164 707
692 85
31 727
177 104
75 125
497 291
818 735
513 502
468 932
344 106
143 652
62 939
402 374
481 279
652 602
264 363
786 400
443 246
611 125
960 419
689 731
778 892
799 682
107 202
714 894
791 982
994 222
900 846
670 945
892 737
148 751
173 364
672 693
287 228
35 279
698 701
847 476
798 458
357 608
728 844
822 746
456 399
681 698
420 298
331 881
10 554
249 728
452 987
21 170
633 322
64 707
780 137
286 326
125 486
755 851
40 933
337 158
50 573
713 331
54 93
223 702
367 155
551 646
561 143
926 385
251 545
31 295
91 472
755 795
371 888
375 896
731 232
966 785
331 189
42 29
350 710
280 296
393 975
341 897
930 190
218 124
954 808
207 1000
78 480
778 506
651 888
265 5
873 824
768 188
806 420
238 234
833 920
394 626
177 834
535 879
23 720
960 963
322 240
521 701
844 77
294 106
502 969
344 471
252 736
169 236
226 903
887 478
84 281
486 605
412 272
394 807
790 613
682 402
188 746
740 748
317 173
100 515
992 673
95 264
101 971
523 991
339 826
572 527
52 605
786 481
459 629
151 411
102 495
28 454
321 628
892 773
642 935
36 969
353 91
463 10
33 837
269 893
625 535
419 80
884 772
91 16
728 808
267 356
602 769
767 201
22 398
82 157
45 39
750 788
328 229
845 512
811 752
354 417
392 770
708 264
266 807
626 689
712 191
922 426
889 949
214 576
966 595
256 31
519 118
10 877
462 701
596 446
357 425
985 976
800 557
765 429
363 821
694 875
964 368
60 883
21 755
8 654
975 886
262 775
726 312
947 573
458 594
582 975
507 227
455 131
740 900
722 706
542 361
17 936
578 5
601 860
915 294
259 330
479 303
250 37
160 261
597 792
71 209
753 954
739 123
351 865
689 658
891 788
710 296
216 28
274 644
312 559
818 969
250 263
583 203
930 987
326 176
645 548
4 444
978 515
795 475
634 97
836 741
91 789
245 433
463 494
523 365
88 500
491 785
968 999
130 233
276 897
228 708
174 230
809 453
439 134
595 84
172 259
779 301
656 432
534 49
681 515
646 543
331 918
957 950
337 341
509 975
400 525
93 688
332 584
479 651
779 11
471 119
517 659
962 610
870 347
323 36
50 793
137 829
426 295
564 577
216 751
881 707
332 189
828 794
442 242
963 997
252 100
90 123
509 627
221 938
630 881
441 787
575 208
99 747
851 856
47 523
773 253
276 955
561 659
781 674
806 383
773 14
956 575
301 168
799 915
138 646
412 297
506 60
368 53
555 886
835 763
286 909
101 453
674 679
948 314
883 979
59 103
496 457
173 613
178 189
783 488
623 745
718 771
166 474
5 616
248 834
197 496
235 69
257 955
663 670
713 937
353 18
151 451
268 29
487 107
73 179
311 692
995 556
546 850
563 816
468 436
126 136
45 990
391 246
249 707
672 819
606 769
58 283
591 119
865 693
499 391
172 487
889 787
484 465
140 773
880 634
862 574
577 958
872 570
998 46
547 66
620 628
987 283
971 958
846 466
423 263
542 971
450 483
141 830
556 305
725 884
599 799
450 274
586 646
381 266
497 789
333 487
12 700
570 242
128 385
312 222
840 54
538 596
449 347
216 970
540 61
422 438
461 404
333 624
377 937
998 709
86 3
161 440
186 519
256 404
310 731
208 893
890 617
842 638
604 763
181 678
39 264
365 429
597 366
212 716
657 969
450 841
235 741
36 530
532 511
554 83
386 737
976 257
652 708
778 539
692 197
861 730
346 569
537 801
891 12
682 346
640 967
299 963
931 281
369 633
757 827
409 339
121 89
467 69
69 281
148 744
700 429
45 800
71 351
908 226
156 607
140 116
253 989
163 301
571 440
18 600
457 200
280 591
598 679
275 852
292 798
828 440
247 937
443 154
338 76
211 422
267 456
548 47
896 536
497 757
538 69
462 662
811 750
102 649
361 23
399 413
664 770
497 983
483 516
529 680
366 211
77 164
974 402
501 936
872 308
998 308
910 954
640 170
530 659
974 983
167 951
907 324
67 227
363 840
552 885
510 765
955 592
117 873
993 708
925 120
730 976
289 158
329 857
720 166
631 400
25 644
834 946
651 712
263 646
808 777
256 624
920 663
61 739
851 897
753 179
916 579
647 941
597 258
959 879
247 137
400 410
554 55
541 347
468 953
674 636
969 628
731 629
400 297
808 438
79 543
221 671
917 621
801 615
174 894
677 109
697 935
239 860
993 328
331 417
223 244
488 454
84 111
303 719
328 441
933 324
724 63
338 270
447 944
813 295
921 309
942 93
980 272
84 845
114 520
870 195
83 143
283 977
31 87
513 508
902 839
510 242
257 62
991 769
558 271
879 986
802 837
766 146
516 775
30 642
297 975
707 832
64 974
428 359
732 437
969 28
376 575
630 351
418 316
463 729
464 34
735 621
643 902
328 561
872 462
138 830
602 251
380 253
954 700
203 511
562 861
834 918
853 709
826 626
366 299
946 591
817 861
617 257
969 822
697 263
648 221
155 511
726 906
325 547
790 663
283 83
412 373
467 341
537 884
679 401
113 474
791 827
207 432
724 270
670 748
394 939
514 604
625 327
26 354
135 708
785 23
881 22
827 636
439 370
97 159
98 432
525 205
253 532
788 769
149 713
335 50
624 231
112 459
554 766
477 221
83 58
671 837
230 447
675 286
641 658
508 500
882 735
76 864
774 481
595 196
278 752
429 380
603 593
129 64
439 935
301 834
563 209
841 725
327 966
720 546
665 423
869 143
46 622
640 227
381 357
992 310
955 442
258 902
958 975
544 911
944 169
197 659
293 596
534 626
281 712
191 117
971 465
552 845
704 920
446 29
527 284
183 555
699 671
8 314
797 230
105 558
554 493
972 76
955 870
170 466
905 157
797 151
911 503
804 917
160 725
990 888
427 919
985 24
568 444
237 315
882 688
153 686
320 137
514 689
416 668
927 834
867 173
118 121
729 140
434 16
553 478
183 655
75 782
539 159
776 379
697 869
905 601
235 68
511 147
376 366
931 678
179 909
589 958
537 739
296 879
996 896
102 263
68 499
605 180
870 690
337 406
396 234
747 207
497 712
67 714
699 17
520 700
776 774
542 953
780 886
598 981
430 587
604 402
73 718
738 744
686 376
909 679
270 655
860 187
119 516
195 76
267 875
217 516
931 448
453 652
522 239
171 471
670 63
67 6
547 816
90 173
26 132
59 634
800 628
104 1
417 878
743 273
622 199
773 335
497 118
82 968
983 370
345 138
843 647
311 997
21 923
557 697
982 78
381 845
743 823
526 811
660 45
86 226
640 698
291 726
199 65
995 62
374 41
655 498
349 18
860 908
847 922
354 29
190 751
395 709
511 81
540 161
544 164
841 199
452 513
714 892
696 479
199 756
899 194
871 444
406 438
597 929
357 652
504 848
356 977
237 204
912 343
23 187
282 115
429 128
974 933
678 509
33 808
182 331
240 600
115 916
866 740
559 315
173 12
853 986
252 466
354 168
936 778
832 683
201 300
655 188
84 639
306 657
769 47
220 335
862 938
332 913
962 568
817 283
67 452
983 210
516 947
385 343
632 230
746 274
530 871
489 267
905 924
518 204
582 711
160 235
890 680
318 433
820 851
927 537
731 392
966 375
220 947
591 684
868 103
802 605
869 667
318 147
964 673
734 539
131 396
600 494
189 158
367 624
544 371
801 260
836 644
471 832
973 574
170 317
569 865
766 795
517 465
251 36
26 412
190 651
909 359
837 490
565 245
795 64
355 473
601 401
757 798
259 159
904 712
818 946
156 525
714 227
92 691
843 461
311 339
603 825
935 862
865 230
852 484
709 445
492 60
291 108
720 906
370 527
25 408
44 332
63 752
300 230
429 390
185 610
146 773
500 813
254 226
215 266
165 416
92 247
876 727
988 953
590 925
480 640
392 610
926 483
608 140
223 557
137 306
46 962
950 404
437 79
78 339
48 290
780 755
603 48
986 424
180 487
848 441
632 480
997 232
66 410
584 323
547 601
664 475
119 131
265 432
394 532
516 96
935 183
886 931
136 163
726 24
229 592
662 308
394 743
877 357
350 252
497 280
260 12
86 609
291 750
471 868
972 549
909 714
344 36
157 559
771 297
437 805
386 857
818 888
942 706
391 870
231 265
13 214
964 970
568 371
312 561
744 412
316 9
652 499
586 379
179 771
3 81
867 366
907 326
647 90
326 193
273 459
322 5
852 393
980 198
927 345
69 97
586 93
514 570
257 895
19 904
405 431
50 782
324 177
417 625
845 593
379 707
345 983
646 957
591 2
684 352
41 738
564 958
377 9
893 822
199 741
704 477
484 285
175 984
548 326
856 869
252 863
742 148
659 576
402 683
42 706
155 937
318 367
507 306
94 758
206 736
798 932
376 715
893 378
34 785
950 739
384 704
91 440
320 718
742 577
308 39
242 287
192 520
32 417
948 119
91 974
203 136
352 846
318 171
892 276
855 896
144 570
398 195
293 407
666 381
556 547
498 599
280 560
950 815
131 341
259 424
481 264
804 628
666 629
847 485
316 190
653 857
981 188
527 832
325 824
341 997
584 296
965 872
932 649
843 260
420 83
701 958
403 871
406 26
819 303
657 440
838 786
295 822
121 157
865 235
568 988
951 427
720 963
462 140
818 348
586 192
366 616
976 748
405 750
123 894
998 93
323 855
968 384
589 624
963 391
5 19
825 618
54 116
242 748
629 960
777 719
150 603
137 616
671 239
965 462
242 266
816 50
284 632
34 83
418 242
609 749
946 976
924 836
964 281
91 159
916 484
318 410
945 636
952 304
881 382
698 284
740 183
246 680
545 423
263 668
565 44
860 760
648 952
631 319
497 389
246 731
273 830
830 65
548 909
21 779
62 249
429 682
394 703
848 182
948 361
574 231
995 910
333 779
118 35
924 402
179 93
752 169
38 288
919 169
766 990
162 824
895 830
731 777
53 813
960 469
249 18
72 565
843 288
2 192
888 695
84 964
306 330
549 158
439 42
639 27
508 527
733 450
222 601
671 126
991 839
214 857
819 553
71 876
210 16
567 204
988 39
719 945
741 681
111 929
811 951
849 376
388 652
116 777
353 617
120 332
195 154
196 225
863 875
167 800
902 413
543 389
55 559
39 234
756 328
987 256
708 235
635 473
484 273
522 19
464 471
800 657
765 375
802 483
588 272
826 493
630 703
685 598
464 358
706 302
618 523
359 879
161 346
754 123
366 269
848 252
117 905
815 456
564 200
433 890
471 978
934 462
539 538
186 878
830 15
587 310
127 497
972 228
166 183
4 22
598 170
765 955
848 937
743 568
451 18
545 911
360 723
154 601
19 544
22 833
425 793
961 895
19 657
838 361
683 662
960 49
27 874
467 99
965 800
71 413
681 505
828 120
794 184
173 333
546 809
302 140
107 457
76 920
165 697
98 652
837 119
94 9
749 939
958 337
849 553
866 649
300 231
516 739
59 904
794 368
979 843
640 186
68 234
106 421
520 133
833 974
336 674
689 98
85 873
86 530
432 149
932 706
96 354
892 718
480 641
281 464
15 643
336 765
275 302
883 5
149 329
313 940
580 99
510 652
994 797
96 576
594 323
372 693
967 562
256 240
225 925
431 657
809 545
55 977
796 297
82 913
1000 404
323 393
489 645
310 641
483 79
321 120
218 480
705 264
812 978
482 429
429 754
66 812
485 822
568 22
632 925
526 913
504 572
250 32
479 870
164 496
377 419
826 948
856 47
875 253
822 772
974 707
634 484
230 339
654 273
665 139
282 424
412 878
124 801
636 392
425 609
44 418
641 656
571 339
992 140
735 588
871 492
97 488
547 218
418 922
167 565
732 117
111 872
793 239
206 84
244 271
870 463
157 400
21 449
133 647
959 271
7 242
655 518
712 72
986 363
750 640
94 868
898 549
895 385
189 656
137 301
285 125
752 996
114 241
116 615
525 851
18 491
91 803
293 547
76 181
521 256
53 227
91 848
163 527
175 570
279 534
929 916
462 785
863 359
721 330
651 611
449 15
159 920
633 149
331 47
350 217
407 370
579 965
193 2
912 560
216 221
545 810
131 340
494 728
649 791
924 399
339 665
213 176
383 224
809 721
459 720
830 801
923 65
725 213
641 816
538 424
166 473
848 512
188 97
904 818
995 250
995 704
504 165
800 466
947 357
254 369
625 579
249 508
814 247
762 300
690 1
528 428
599 484
69 68
681 322
837 79
609 32
577 514
886 372
267 154
704 395
98 918
402 312
893 985
289 843
72 37
275 648
37 873
244 641
301 932
474 362
748 788
165 161
604 178
931 450
915 969
403 532
902 304
843 603
823 705
293 630
707 56
29 92
510 855
962 150
178 649
640 414
830 886
892 202
688 795
53 360
437 713
187 810
833 284
762 682
171 856
291 728
933 873
19 297
358 717
388 402
859 936
130 761
175 27
201 692
734 494
93 510
766 991
966 141
414 889
420 225
956 915
762 110
429 877
662 869
899 85
115 632
301 435
715 749
734 155
406 150
559 340
283 601
178 273
179 536
842 248
699 337
314 817
118 543
249 732
931 930
514 70
516 520
741 583
941 5
841 945
418 962
204 999
137 570
671 61
710 733
894 398
785 682
205 411
171 279
119 629
379 488
287 693
556 130
371 892
119 490
889 767
971 701
293 921
555 314
367 232
320 873
565 877
142 726
254 666
298 944
801 79
64 572
110 53
932 128
209 420
318 6
634 538
147 922
590 498
574 983
104 285
503 143
179 365
142 99
149 666
958 449
29 499
123 408
113 162
331 247
369 824
226 899
616 263
49 954
800 94
625 207
865 568
750 790
340 254
108 114
511 119
426 96
630 235
334 980
300 668
946 234
566 983
629 289
232 905
236 349
164 2
383 414
573 186
760 415
373 148
268 32
987 664
970 966
310 367
990 285
901 502
897 643
338 156
598 710
92 305
879 527
120 28
197 888
753 16
182 196
827 17
23 556
390 497
998 26
286 816
909 523
384 186
422 934
703 563
63 976
655 700
774 119
570 484
202 992
298 739
131 698
278 565
465 82
30 58
103 544
862 791
543 376
102 664
508 545
38 624
501 826
176 489
939 20
674 219
151 529
85 285
640 326
159 790
473 59
471 512
80 371
59 494
320 386
708 637
434 438
569 209
532 451
942 220
610 942
903 905
833 117
31 722
13 835
456 928
292 270
717 731
714 327
779 788
691 728
731 963
92 627
113 424
499 627
870 678
35 861
456 670
793 108
331 590
444 167
376 341
925 848
914 451
476 240
97 13
210 804
432 374
340 359
69 111
54 733
83 63
549 294
571 338
738 481
315 400
584 945
948 912
418 923
168 622
776 877
263 97
466 879
915 718
897 47
827 426
86 332
48 883
889 597
305 388
676 669
368 816
183 447
998 352
105 215
567 469
522 587
298 854
341 980
161 542
539 921
976 221
39 638
703 922
601 704
623 570
233 708
254 722
275 43
151 708
777 877
325 658
214 44
229 502
119 97
998 684
160 232
786 884
750 61
679 195
458 453
214 394
86 447
265 291
948 224
401 163
536 994
22 701
26 560
62 338
854 222
160 438
697 657
516 74
692 833
51 123
140 415
416 671
222 39
938 764
334 925
710 264
841 463
674 411
883 836
147 512
743 464
287 382
917 531
790 259
369 691
649 577
390 637
338 322
980 117
545 656
175 469
322 875
183 942
874 291
358 144
347 987
736 320
149 859
883 384
21 145
25 86
297 729
154 882
138 351
893 871
842 423
145 925
906 856
570 46
292 454
849 274
780 960
512 366
713 291
772 816
963 167
232 187
472 714
180 699
751 204
642 912
189 691
228 143
985 524
233 791
828 173
273 632
589 178
773 315
920 993
461 319
981 568
484 992
470 55
989 873
426 57
134 510
946 816
359 837
398 387
741 567
773 221
223 170
260 416
833 354
999 148
892 203
161 301
467 525
892 314
71 119
990 859
852 920
389 998
263 973
344 111
255 379
937 254
847 615
556 861
610 201
870 671
66 567
340 74
149 556
597 942
46 156
947 211
533 662
398 537
900 699
775 569
465 536
27 817
656 149
861 154
774 755
14 984
642 385
40 307
849 707
941 243
600 267
913 594
438 151
132 966
813 57
500 980
106 79
699 62
850 62
137 569
395 497
621 339
349 618
315 678
228 845
944 22
489 383
684 861
375 927
730 698
927 996
383 309
271 832
589 197
517 632
419 725
974 257
742 813
85 550
669 2
964 383
217 662
26 948
997 241
247 502
892 9
86 944
806 473
440 34
919 666
25 648
502 800
195 728
930 413
464 759
433 888
820 124
89 238
143 457
825 290
497 790
294 111
856 648
393 398
88 76
734 681
707 285
522 597
657 826
269 180
678 80
91 726
661 878
403 594
995 940
777 353
173 536
178 238
193 122
313 507
531 11
818 990
28 855
485 46
891 621
162 973
605 471
715 315
257 999
888 725
575 799
580 651
173 331
875 49
771 138
577 687
176 832
582 184
254 25
37 637
594 874
908 480
286 276
604 311
508 412
589 677
712 880
987 470
769 159
552 281
111 854
2 742
888 211
564 14
489 458
146 925
493 498
635 713
689 497
233 973
840 99
517 715
45 486
30 74
52 390
270 501
163 615
422 272
208 140
725 921
234 688
753 480
475 678
422 355
650 206
48 692
455 233
275 127
668 124
939 164
644 67
47 995
428 679
838 632
53 318
350 848
857 348
730 210
588 20
346 731
599 500
216 195
344 440
294 865
585 763
178 771
621 769
323 66
999 944
822 875
97 417
535 306
166 435
443 794
539 201
691 112
876 76
491 246
535 419
39 784
903 575
210 658
652 381
118 94
729 342
894 336
128 673
183 837
870 897
490 53
236 721
917 720
81 528
687 314
283 512
875 938
894 154
141 418
979 527
419 192
63 529
46 289
568 801
988 122
976 658
982 552
81 818
10 863
177 487
21 94
29 675
379 546
471 114
366 796
850 921
392 513
569 711
492 658
897 200
302 922
439 577
668 653
263 407
431 593
33 386
289 120
661 256
385 525
213 939
820 871
877 658
15 391
364 619
492 432
988 557
402 840
189 624
670 225
503 80
195 259
531 861
94 535
704 875
445 855
392 93
535 914
458 450
389 880
229 625
21 165
70 703
570 543
386 534
369 886
61 920
84 495
302 418
964 779
179 469
95 169
479 270
653 709
880 786
639 556
735 89
176 496
524 630
688 972
329 290
58 992
386 939
376 259
193 467
628 561
810 578
397 554
269 815
453 18
145 737
643 126
316 270
745 644
410 199
117 778
935 867
572 63
22 472
144 310
167 586
588 344
428 118
269 610
628 501
24 283
300 56
858 638
968 18
396 619
955 252
759 818
262 132
245 980
484 316
730 564
909 675
297 607
789 468
242 890
719 764
778 238
797 642
559 871
363 978
237 949
919 915
581 183
85 513
431 629
626 93
968 863
972 831
185 91
494 207
186 644
887 171
885 774
200 568
446 439
765 705
962 420
293 342
773 220
423 983
62 109
467 671
580 404
606 883
180 248
716 26
312 944
846 685
467 524
731 767
207 598
248 669
672 15
781 419
854 251
749 495
606 392
59 104
725 6
140 444
783 346
917 852
352 570
939 680
49 638
834 68
567 660
519 785
226 334
139 589
583 142
628 533
332 200
79 991
90 144
359 127
843 434
993 1
65 384
741 281
981 958
580 551
983 682
642 414
389 216
11 885
968 336
452 961
686 190
447 718
794 284
441 289
610 920
546 452
429 320
260 654
430 619
450 448
713 478
509 867
510 516
30 976
581 735
354 564
57 467
313 57
3 917
299 122
212 809
703 602
266 321
752 814
419 677
459 368
208 48
65 985
708 869
553 956
492 504
530 404
109 385
754 118
977 925
245 92
621 486
380 436
473 78
331 24
223 30
501 408
928 22
857 240
532 408
334 824
246 452
28 143
69 565
330 931
114 586
309 483
579 556
265 596
984 156
268 365
160 366
164 302
973 796
23 501
619 888
925 985
395 626
349 231
10 775
600 91
230 682
982 901
71 414
537 816
244 882
463 16
672 727
323 613
269 887
898 105
992 884
940 748
26 92
410 319
823 834
453 379
111 627
19 993
637 711
324 232
628 446
287 607
704 326
888 35
319 471
932 382
112 785
721 645
974 209
742 29
944 420
11 127
983 797
234 268
241 536
25 815
979 682
554 276
918 539
578 552
150 753
65 667
335 703
48 343
967 631
105 138
859 49
362 635
309 16
362 578
996 254
545 258
621 535
533 473
879 163
555 169
260 347
613 115
261 46
688 278
356 236
214 6
90 16
626 254
494 374
119 159
375 49
882 292
950 549
57 826
241 53
995 156
356 36
901 240
207 665
304 904
467 452
194 276
433 756
532 444
471 864
866 258
60 333
80 403
675 888
782 60
310 155
400 266
74 369
438 758
858 714
961 175
246 83
631 476
69 442
785 121
460 725
335 283
373 84
464 424
467 147
14 708
404 672
645 558
518 820
835 944
570 891
509 389
438 899
476 242
25 350
737 940
740 883
409 150
358 234
253 896
382 252
883 569
317 655
606 815
937 639
27 518
780 248
363 657
166 753
764 722
414 469
42 940
99 853
600 329
958 609
85 763
696 592
591 477
262 955
724 754
998 497
860 498
533 468
347 289
579 394
928 402
238 53
919 876
285 770
5 252
43 953
483 142
950 205
952 391
954 605
811 444
260 462
668 451
118 398
726 201
584 754
108 752
125 718
233 302
274 30
80 337
317 412
967 198
473 134
809 828
761 603
411 72
70 719
826 885
886 173
246 12
92 930
350 510
923 66
373 903
174 840
481 217
472 360
101 781
987 804
112 270
296 965
4 414
244 827
852 58
945 488
488 14
715 706
263 105
730 875
149 744
609 401
225 82
904 531
296 372
987 450
651 427
803 244
818 827
953 711
880 993
629 170
888 492
906 759
245 689
543 254
410 486
909 960
785 562
605 81
36 380
828 752
318 578
599 567
802 792
21 113
927 893
384 106
480 588
85 671
655 615
363 981
660 143
807 360
29 218
774 115
578 528
246 898
466 514
693 321
807 249
846 865
668 513
741 117
545 829
467 832
102 561
930 260
532 48
695 516
223 263
209 445
992 427
125 609
156 243
873 615
514 989
180 249
626 409
208 770
782 218
271 339
186 825
725 404
393 481
710 282
74 294
181 578
813 849
61 44
902 674
924 494
83 647
395 760
736 802
164 267
221 294
409 420
691 58
305 715
433 286
1 754
454 436
554 782
495 680
615 555
61 270
934 775
981 461
676 317
328 387
790 301
663 945
121 204
500 48
693 975
34 80
219 600
396 847
991 922
150 174
922 191
137 861
326 114
780 49
305 151
586 224
182 255
348 19
462 31
690 258
926 377
589 481
639 363
802 170
168 49
552 605
592 538
383 793
393 983
318 344
237 877
820 570
24 133
650 89
754 687
910 559
750 302
589 84
60 870
564 438
795 618
578 278
392 135
800 772
854 459
747 921
677 578
311 964
262 572
90 351
697 786
611 339
21 811
260 21
213 618
818 619
322 378
273 934
518 668
207 565
317 53
621 7
114 587
202 509
706 263
47 13
109 964
539 173
106 884
774 947
991 331
175 108
27 878
366 391
16 509
793 731
713 631
785 335
845 727
771 140
909 248
225 154
193 676
158 694
337 643
36 214
913 765
554 663
573 409
261 695
558 55
210 97
687 401
908 482
747 138
234 107
107 747
186 150
352 242
443 301
500 810
945 99
965 352
241 654
295 425
33 666
231 539
627 238
534 270
901 537
663 622
834 556
962 537
603 207
802 206
345 521
806 654
328 857
916 186
523 104
707 215
210 421
512 455
695 430
57 494
699 939
976 244
940 343
264 688
877 684
320 743
394 398
768 159
20 452
9 45
7 590
247 69
252 317
535 904
937 393
631 227
777 80
556 660
84 690
910 468
252 684
513 638
53 429
972 181
820 68
635 85
518 507
891 975
30 919
847 838
253 197
865 744
924 423
608 828
526 151
412 371
303 213
790 536
766 471
917 404
339 878
400 154
643 358
350 402
995 859
728 126
676 486
677 11
260 8
868 328
645 557
886 403
49 278
841 306
442 939
879 846
697 822
537 521
832 91
227 899
432 361
135 613
162 606
801 273
616 945
121 373
714 482
383 669
258 348
166 893
31 49
145 950
185 897
422 886
918 875
956 410
685 52
776 784
488 974
219 174
737 301
976 547
498 347
745 234
194 608
569 596
461 905
242 852
663 626
200 288
702 619
258 639
941 903
542 240
335 658
396 822
950 373
807 212
593 200
353 571
809 932
405 576
750 486
167 202
613 918
748 643
698 148
565 542
147 102
129 695
648 897
185 831
796 265
302 710
138 943
964 599
237 19
75 504
332 489
3 746
800 955
359 512
285 957
252 688
324 837
863 793
592 189
95 26
422 254
807 745
352 929
995 921
119 636
326 501
577 41
508 639
212 4
987 950
839 169
520 151
689 512
18 358
943 255
250 290
296 966
110 933
715 709
607 435
774 778
331 764
323 572
505 705
303 626
70 283
124 944
67 735
770 20
827 237
314 904
775 773
228 630
390 301
243 325
16 882
254 166
435 840
756 44
359 442
353 727
154 992
449 784
410 534
358 320
744 584
222 173
918 998
262 122
279 824
125 60
552 610
136 696
587 884
950 422
369 738
319 93
51 659
547 822
604 829
993 754
703 955
794 965
209 291
157 3
733 752
916 336
422 307
940 430
856 204
397 613
711 668
622 783
725 689
228 383
714 674
663 20
91 545
791 554
739 845
890 483
28 54
582 769
83 606
708 711
876 204
450 755
89 433
515 589
517 487
705 79
725 4
467 364
739 440
972 869
212 24
486 651
72 683
70 970
737 719
22 809
984 416
197 477
344 831
309 819
400 113
828 81
69 147
225 125
758 769
62 792
152 647
515 150
560 573
248 57
835 551
140 849
366 521
866 593
941 1
908 108
175 697
345 786
107 671
881 832
519 356
926 382
105 114
909 628
796 583
419 504
572 658
25 849
589 817
634 983
637 500
208 276
686 521
444 908
836 414
786 759
930 423
327 533
627 51
171 881
122 681
289 38
267 438
73 863
185 117
654 518
703 991
229 836
123 193
129 716
640 248
454 555
919 663
388 205
276 533
262 674
484 790
530 402
986 240
551 104
200 536
332 656
949 285
494 442
460 311
17 271
199 35
776 76
522 592
192 787
523 745
598 175
804 570
19 438
577 96
568 349
531 339
810 486
317 790
853 324
340 105
748 30
107 174
204 680
615 718
230 680
6 729
908 189
340 335
88 480
325 29
110 861
917 697
36 515
278 909
482 552
121 344
784 2
12 308
791 321
742 94
309 602
917 411
385 122
757 348
781 444
944 471
443 515
340 924
732 110
550 827
814 892
529 764
141 750
772 868
883 155
579 370
462 282
120 365
341 587
379 392
564 25
771 728
23 660
650 491
893 255
87 40
904 931
842 815
167 80
812 395
542 36
836 257
840 946
569 394
807 128
21 763
406 891
320 760
764 227
18 275
931 167
114 424
385 704
423 776
551 630
778 361
122 20
1000 409
12 929
221 937
432 164
118 467
787 632
190 671
844 105
429 957
846 747
356 595
621 89
970 467
40 916
900 58
156 986
69 535
584 773
805 483
644 39
807 597
442 763
353 300
762 960
265 591
69 440
141 27
786 464
909 22
892 690
40 65
633 966
377 128
710 194
69 218
309 875
58 557
576 34
114 395
984 263
969 85
827 851
40 383
561 259
49 503
909 841
659 906
552 474
97 483
136 801
266 880
802 926
31 48
750 824
115 195
909 555
128 224
456 173
129 89
972 722
573 670
79 469
393 732
765 246
343 64
660 262
293 891
612 697
372 496
360 408
696 594
90 801
77 101
423 121
414 772
287 542
270 422
453 802
702 507
416 625
428 608
158 265
416 376
768 205
285 37
238 59
132 364
8 338
345 183
626 224
114 460
209 480
502 879
164 684
574 915
316 999
191 417
319 764
160 91
172 956
489 769
259 257
502 9
692 233
933 193
950 801
476 620
42 898
810 156
994 465
170 767
959 573
545 985
855 764
731 946
402 410
245 202
282 836
503 518
72 688
53 723
165 905
224 475
597 918
66 606
287 378
317 517
622 571
60 32
614 635
108 552
879 877
292 147
990 334
434 764
849 731
505 689
309 609
438 143
811 675
413 963
819 576
521 794
836 957
520 675
615 218
999 35
391 908
430 594
785 705
660 427
552 724
606 555
591 157
195 164
140 611
380 888
241 550
298 679
190 489
907 451
350 995
55 893
587 964
180 310
271 921
739 513
918 688
29 87
11 500
485 437
324 629
111 335
710 968
333 705
355 921
379 15
569 51
181 829
57 775
616 114
215 594
74 578
51 334
145 245
273 952
159 427
269 553
740 354
332 933
473 785
592 297
167 35
317 428
83 718
778 914
601 13
913 121
866 187
98 17
65 344
452 520
839 140
697 915
438 559
60 85
482 803
840 721
822 961
163 324
435 491
554 927
206 426
252 156
598 588
321 528
984 336
503 776
352 394
425 594
838 238
771 803
168 590
852 318
671 794
764 333
914 809
404 815
249 592
270 848
396 699
953 594
556 345
43 438
626 724
686 300
300 31
802 825
875 661
92 153
8 814
405 820
729 883
45 365
102 870
215 93
457 669
88 826
636 858
17 817
551 948
516 387
134 188
997 108
446 226
820 939
289 37
418 387
522 29
200 599
464 348
797 54
468 129
513 228
821 176
700 807
310 703
77 736
134 617
651 593
191 360
195 621
70 619
535 983
402 177
955 935
854 171
344 416
326 272
847 982
375 816
400 289
588 978
649 850
703 483
852 815
601 105
160 353
677 132
611 128
369 541
151 61
227 651
619 893
576 168
443 867
649 524
232 910
748 430
54 603
890 35
518 618
21 267
304 642
353 82
224 649
632 246
366 712
357 300
515 245
184 931
426 756
470 734
300 221
840 314
678 280
690 292
233 151
289 645
509 34
805 757
628 40
928 263
186 502
155 877
64 966
525 583
417 170
57 312
77 64
993 607
760 830
190 417
889 670
798 32
915 772
205 156
501 773
821 498
569 393
806 622
57 93
386 78
800 691
582 949
424 583
460 189
62 89
523 473
751 855
274 57
384 537
403 295
276 543
971 348
986 836
455 11
352 808
316 947
20 140
891 961
892 382
839 417
342 923
715 159
644 145
352 903
80 406
529 343
503 396
674 664
880 429
678 112
383 202
487 152
877 272
770 970
807 549
648 434
353 156
245 102
781 202
562 466
87 915
719 683
918 301
870 554
409 188
907 539
286 602
220 233
666 476
98 682
262 483
264 984
180 872
102 296
396 748
495 166
847 189
297 72
390 470
16 935
200 68
719 887
703 594
116 216
651 255
695 238
743 896
225 608
745 121
163 950
129 890
313 5
544 903
816 924
711 741
677 853
659 438
676 632
56 865
309 113
459 428
774 37
78 438
996 157
834 720
195 374
15 387
199 422
200 512
371 601
869 506
427 283
564 360
692 293
750 87
971 422
221 950
540 657
924 880
941 814
804 782
271 203
973 413
545 205
952 20
406 616
752 422
327 32
169 130
207 638
812 940
448 327
970 500
952 855
554 247
283 55
912 581
605 712
933 81
31 63
61 118
500 394
456 592
952 949
139 549
235 60
52 542
226 281
923 357
435 575
319 469
157 778
383 290
130 194
793 770
267 423
814 818
698 897
357 852
148 273
410 532
29 389
860 28
977 344
776 925
208 478
675 145
676 702
976 912
276 421
72 88
275 364
711 276
629 747
971 612
493 216
648 577
480 941
155 627
691 933
804 556
559 986
275 74
333 704
686 828
891 314
711 495
177 860
657 776
783 19
293 291
868 169
887 95
801 368
855 957
472 186
716 101
679 371
351 130
128 765
682 420
848 964
835 734
511 89
354 80
974 658
173 465
1000 829
978 929
767 505
529 470
992 16
899 91
520 772
579 312
37 946
895 5
474 995
793 877
687 265
586 156
842 226
990 442
956 382
206 325
150 92
870 220
83 250
121 307
729 684
90 674
396 293
328 243
348 238
222 723
323 824
237 738
461 129
850 59
375 628
716 912
328 977
410 667
835 790
824 593
72 470
290 117
897 155
972 758
523 65
107 127
358 588
698 473
630 916
336 106
835 64
673 813
52 350
437 484
647 369
869 74
302 802
341 888
878 81
492 500
795 623
389 146
981 840
621 337
566 498
274 210
186 902
958 120
338 929
134 622
742 659
356 298
967 250
808 641
75 386
528 768
708 662
583 810
952 160
98 208
388 380
943 482
895 997
680 746
308 683
883 997
166 610
389 598
88 85
911 753
515 824
827 762
729 403
943 192
175 170
680 776
387 474
814 343
286 748
452 764
753 583
442 438
49 376
399 772
6 622
903 500
904 558
568 923
715 540
19 997
847 43
741 532
572 4
482 665
328 239
89 954
646 553
978 89
816 260
284 874
231 647
474 648
632 44
972 526
789 64
662 310
849 349
131 701
778 211
64 967
950 509
932 600
916 69
516 927
81 4
869 227
7 756
453 844
684 184
81 405
816 832
547 752
552 858
898 890
620 853
99 761
831 8
691 925
910 697
679 945
548 750
806 510
445 846
591 710
61 772
903 381
534 824
673 388
971 155
811 370
99 36
652 822
138 744
996 740
132 16
660 629
772 111
630 303
796 438
763 138
344 44
314 493
74 381
437 813
289 409
465 808
501 154
567 337
882 615
688 948
340 399
930 977
204 718
814 371
50 36
892 803
770 237
476 206
353 125
995 570
597 722
883 298
943 826
390 483
698 635
572 16
367 751
600 345
709 409
783 850
555 815
883 426
403 230
248 115
763 788
767 868
645 146
182 186
555 700
572 886
539 435
408 227
376 808
488 817
620 522
680 463
423 548
495 22
668 996
98 892
471 9
828 691
298 578
600 661
896 150
328 888
717 450
558 284
59 760
868 882
756 243
963 94
35 752
162 227
73 900
627 493
495 357
741 93
523 230
212 877
780 655
324 531
885 617
56 209
642 680
754 436
526 570
764 1
748 766
979 748
904 366
835 742
195 663
650 357
377 361
263 854
801 363
17 324
186 511
460 384
191 560
229 717
585 674
13 185
418 199
902 698
373 786
636 920
729 106
787 902
493 624
593 939
153 555
468 105
641 777
382 979
308 530
142 409
364 345
374 302
743 351
50 200
782 681
261 277
280 637
33 795
505 710
236 9
733 502
899 284
974 960
206 366
157 860
300 791
16 230
757 353
206 153
104 575
193 786
542 131
792 56
862 548
104 590
79 850
162 434
492 973
12 592
881 955
811 976
498 461
885 751
797 669
779 190
805 217
107 867
733 555
664 206
973 124
295 80
281 514
678 531
937 667
556 955
228 4
604 943
290 675
530 753
424 625
721 141
170 157
636 504
359 835
858 46
877 770
391 488
384 595
411 778
711 107
74 155
611 315
43 839
416 979
778 109
169 253
339 717
873 645
36 619
39 608
762 919
912 418
515 735
169 415
869 802
156 691
435 515
731 769
574 457
887 642
690 250
356 986
876 145
383 483
865 352
156 360
810 547
166 689
889 106
40 426
245 383
11 795
269 735
519 550
296 707
144 279
386 460
153 495
104 539
871 253
512 546
569 951
172 549
862 512
441 292
392 736
376 847
875 663
508 340
642 812
945 805
327 897
309 406
832 600
572 540
78 205
461 251
723 23
570 45
110 226
294 421
189 721
116 567
992 232
671 489
638 660
509 576
289 314
891 360
488 453
113 1000
129 579
313 286
635 218
747 925
796 740
330 635
665 930
544 285
143 817
606 754
40 556
350 777
251 324
454 859
408 959
152 809
874 798
812 772
93 800
999 906
188 433
340 116
69 338
951 596
350 325
478 286
533 692
496 802
754 793
222 771
795 377
512 881
13 284
309 901
171 940
614 400
559 369
374 633
586 177
269 707
149 925
633 250
201 358
681 556
405 116
718 170
509 32
770 330
220 437
769 228
927 213
229 50
379 397
751 157
955 424
792 685
635 700
63 191
10 9
673 863
945 722
161 28
200 486
792 234
298 927
483 153
530 610
569 504
706 163
431 270
342 191
96 789
948 11
489 810
492 255
754 230
437 522
504 725
998 997
285 582
92 804
476 651
108 18
153 728
298 467
62 264
517 316
991 501
973 682
765 377
744 718
786 463
37 199
19 580
460 722
562 358
815 40
466 834
523 34
240 812
540 273
282 1
763 600
306 187
658 253
921 366
426 948
350 436
965 925
767 1
179 552
832 974
875 928
159 123
59 63
775 797
153 54
652 40
874 232
234 75
370 443
409 845
191 293
11 1
763 900
859 709
73 728
832 539
963 291
529 733
803 394
343 93
695 232
205 92
722 198
744 402
488 208
163 952
294 402
262 956
673 891
893 128
694 979
16 726
290 301
332 176
225 832
798 941
621 758
358 996
825 17
316 668
738 916
545 402
998 724
485 495
696 802
695 684
992 995
557 587
282 655
539 892
787 58
56 48
203 131
900 251
369 159
598 8
469 204
87 525
398 200
181 760
855 207
921 925
425 46
759 63
178 846
674 587
373 180
198 277
673 73
187 996
773 789
740 728
874 395
265 518
305 593
782 29
587 71
202 171
130 668
739 384
582 834
126 586
363 116
432 948
945 402
191 870
401 459
162 924
92 733
476 316
406 249
283 708
122 356
468 328
392 205
824 299
623 165
547 493
144 413
438 787
165 633
572 932
96 85
171 517
353 890
870 129
874 282
11 988
110 634
404 133
634 588
138 297
529 552
91 347
3 641
172 248
579 335
872 707
409 587
219 428
954 295
595 953
445 546
836 309
736 268
81 476
617 162
502 684
394 499
748 739
930 368
961 302
750 224
273 812
535 972
782 223
844 428
188 328
43 727
800 74
85 48
160 489
532 625
351 797
652 590
669 680
22 946
539 196
705 252
536 957
126 790
217 394
615 678
192 88
966 20
288 619
570 542
454 312
221 451
921 437
830 551
27 822
931 844
222 261
625 615
492 300
27 679
211 450
144 505
97 447
595 424
855 596
500 940
366 525
152 80
598 924
702 890
668 958
175 810
971 855
474 293
145 771
220 321
572 686
868 725
315 703
526 166
933 197
175 923
968 131
72 472
884 287
43 329
779 221
413 119
293 897
668 755
794 946
579 440
377 880
642 766
310 912
169 540
498 208
246 530
103 875
649 411
479 136
375 43
74 330
472 890
74 530
556 702
631 282
235 557
821 814
665 467
930 793
131 502
696 56
796 836
627 215
114 757
977 689
905 300
191 587
912 624
523 887
607 51
38 490
991 400
541 449
247 928
909 413
69 448
70 923
919 196
478 140
745 923
640 813
496 667
297 350
596 166
62 734
149 698
353 87
26 55
887 534
87 81
984 303
70 212
878 216
738 354
978 309
799 289
909 801
966 274
241 935
108 893
267 481
875 852
694 392
879 644
685 203
546 627
547 182
570 381
128 792
326 671
202 921
557 17
923 875
431 868
202 1000
367 54
261 485
127 80
447 462
175 959
34 33
898 598
612 758
100 290
195 14
573 86
487 846
881 723
254 559
403 221
545 260
293 566
938 317
631 472
371 638
209 217
527 269
927 743
125 947
454 523
40 747
964 638
316 616
958 139
688 411
502 775
765 643
811 487
80 363
178 984
840 500
342 815
863 411
276 649
939 443
56 371
717 1
638 727
744 156
433 639
655 316
59 321
49 559
1000 601
892 607
197 383
236 411
347 978
737 904
411 305
657 57
287 386
553 120
934 943
832 33
89 568
809 279
168 169
539 569
280 611
316 353
580 726
227 902
857 515
839 631
573 285
555 912
554 741
172 352
547 372
893 517
608 870
326 985
903 363
983 377
600 458
306 621
590 805
367 372
849 413
228 558
673 687
429 369
358 345
286 138
513 326
642 866
132 788
168 741
83 842
685 64
661 501
686 363
738 274
771 683
115 485
902 451
650 312
251 741
87 91
125 132
309 461
935 831
355 643
281 548
409 543
817 426
251 850
397 922
713 617
332 177
38 999
367 921
596 981
411 691
907 534
838 894
693 9
967 926
93 390
986 10
62 120
212 589
263 707
412 31
783 56
803 854
381 702
193 104
925 343
322 268
714 538
227 885
844 393
866 433
42 159
886 820
857 50
929 653
640 600
365 507
277 873
294 825
429 606
584 805
252 915
911 903
917 825
169 835
369 585
857 972
607 152
184 546
991 377
79 851
144 192
454 477
520 875
260 558
944 599
157 918
504 174
400 921
783 146
101 265
14 964
780 11
818 338
50 808
345 904
841 51
658 683
862 667
850 195
183 216
653 356
672 240
295 415
515 631
44 157
354 986
608 96
775 38
730 298
346 260
717 275
774 218
783 117
582 583
417 87
769 506
94 841
503 465
591 447
632 324
321 499
449 678
927 921
640 73
497 559
38 944
739 517
422 339
446 85
512 51
840 956
937 554
995 508
65 871
30 679
513 671
143 76
19 82
955 814
597 385
981 802
194 436
268 915
18 980
876 579
654 33
455 63
430 185
557 831
360 651
449 226
820 23
420 933
207 607
726 969
48 800
364 179
765 185
769 832
256 44
80 593
380 921
198 16
97 867
508 905
563 122
587 684
947 219
200 840
145 309
940 624
79 652
122 377
58 737
23 829
120 922
248 207
139 288
453 128
55 204
336 914
974 448
980 375
379 788
755 689
168 415
921 71
45 702
365 535
871 255
983 897
31 500
306 565
883 277
319 265
981 274
361 3
713 374
237 624
148 167
43 315
957 867
416 508
285 282
119 438
654 957
343 4
366 223
59 693
298 647
209 96
792 908
889 646
11 310
802 23
312 170
910 589
756 338
115 330
523 211
617 12
502 542
428 405
301 673
927 637
630 973
401 551
418 415
989 724
223 464
281 653
16 44
863 640
134 466
66 60
468 632
802 360
529 837
679 50
169 829
526 867
854 60
565 135
731 675
643 709
517 36
956 516
901 133
33 101
155 495
726 122
123 403
450 673
553 720
490 517
848 931
118 5
339 856
639 493
910 143
161 924
400 180
713 750
244 603
467 252
965 645
213 992
805 44
74 38
754 644
370 977
792 921
444 148
136 605
176 538
691 141
150 98
532 211
301 398
304 446
954 456
791 239
248 235
395 166
24 512
516 582
975 483
780 211
681 530
276 274
280 468
98 996
210 234
908 367
858 654
966 573
326 668
516 868
558 283
686 332
713 274
508 378
290 37
3 728
615 367
362 723
474 425
78 303
543 355
711 765
551 852
807 302
518 167
441 913
479 969
686 418
345 301
881 675
369 407
8 699
318 88
360 238
821 111
754 2
238 147
864 718
185 374
691 700
749 142
540 943
968 326
393 466
468 882
622 855
4 252
474 531
389 628
658 113
252 904
199 915
411 131
529 484
148 854
807 545
4 274
692 935
576 136
84 919
250 379
32 570
36 18
718 722
610 491
277 264
400 434
558 891
253 921
814 80
152 883
914 730
681 765
684 708
233 230
984 554
131 621
706 434
712 916
306 765
271 637
77 318
500 699
548 329
271 738
609 365
497 907
9 439
48 411
30 31
64 606
225 725
747 435
774 25
445 909
318 485
466 680
160 771
367 920
484 836
216 538
358 885
17 543
423 811
905 56
56 515
763 77
375 387
434 339
146 95
936 349
167 439
743 660
856 328
730 289
969 943
298 437
156 827
530 8
437 782
520 14
44 820
550 478
183 643
774 994
478 325
705 135
724 421
451 731
896 892
326 137
916 179
577 333
597 770
702 140
16 59
1 393
629 401
277 300
261 983
926 43
747 42
583 448
552 44
791 279
794 105
744 474
482 749
67 553
707 238
182 234
559 664
348 181
802 814
163 888
182 52
758 763
542 820
12 595
663 940
333 9
523 89
500 526
966 56
83 296
768 896
225 753
100 507
90 177
517 924
39 72
212 908
713 527
498 829
595 665
523 404
626 856
360 806
587 729
159 832
181 824
57 778
846 522
190 300
797 222
32 472
338 333
39 319
631 161
632 769
315 141
985 471
14 75
92 895
878 266
443 527
467 389
194 343
35 713
416 837
865 554
265 544
50 310
731 917
827 722
700 348
41 73
596 285
286 869
469 433
326 90
631 741
317 893
123 562
638 402
970 936
516 476
370 652
885 27
886 332
907 533
954 420
965 897
83 254
908 501
694 418
287 8
827 15
409 922
375 707
766 16
72 252
384 476
537 406
167 759
423 329
996 541
667 535
679 956
929 460
305 362
399 480
257 463
105 5
894 263
292 711
638 776
463 372
142 768
738 994
133 854
963 27
52 346
199 469
868 195
834 788
318 445
356 240
413 407
109 488
327 305
274 191
150 958
63 459
492 338
180 53
190 970
891 75
743 847
911 991
273 927
924 90
403 970
923 537
325 229
700 471
222 887
259 139
44 659
709 655
16 500
145 272
420 414
847 151
560 753
953 806
717 734
184 825
687 297
503 920
219 957
775 826
818 911
562 133
536 972
984 591
132 931
200 45
319 479
918 630
68 221
551 736
440 540
223 883
668 924
483 734
655 646
162 419
366 777
245 916
578 798
394 196
547 918
984 796
824 625
971 706
219 121
681 860
833 741
63 184
376 588
195 496
38 622
557 322
601 754
836 271
395 698
604 995
95 760
462 937
946 798
412 134
139 545
379 93
821 110
275 134
27 505
928 364
454 219
839 382
632 714
136 175
889 525
199 108
423 612
247 864
963 563
734 500
35 816
697 643
200 933
476 646
443 567
703 445
249 260
446 686
753 948
662 622
559 210
984 64
88 53
144 775
711 879
218 696
936 483
712 87
887 726
725 183
911 582
790 381
526 299
505 445
434 835
425 813
188 182
141 328
823 364
862 274
974 1000
888 361
125 350
18 843
325 396
182 271
847 11
794 389
651 276
500 998
118 605
931 100
55 420
521 992
371 115
402 23
46 665
49 203
215 290
16 924
309 297
42 916
205 456
578 866
357 29
379 573
918 588
99 938
462 376
214 489
307 697
972 701
989 633
829 772
347 221
694 982
458 646
422 309
719 513
650 24
18 478
253 978
826 313
954 754
602 998
116 665
890 756
946 770
964 463
927 709
95 877
483 7
341 173
894 795
535 933
611 259
367 633
616 171
155 313
765 534
803 606
222 499
406 856
605 850
576 600
248 761
41 108
143 204
887 261
691 38
840 812
454 64
311 457
631 768
979 355
653 990
508 793
531 510
314 718
757 218
580 677
361 745
509 417
435 514
6 667
443 31
481 192
616 773
898 780
895 509
202 362
240 553
577 622
908 622
175 573
803 252
914 831
516 543
21 167
59 92
120 928
716 794
453 460
520 681
137 523
543 119
46 693
504 364
512 713
788 366
36 459
506 303
594 77
647 213
293 672
462 293
710 639
159 271
594 927
936 712
439 527
328 365
465 144
543 405
747 518
548 509
399 173
332 832
3 928
280 219
375 802
600 996
12 690
324 748
864 937
752 650
163 695
789 623
469 111
873 990
69 917
893 387
238 840
8 451
119 95
87 445
290 897
373 536
501 395
726 92
639 661
877 32
92 888
312 808
611 396
208 649
843 821
303 106
144 929
550 25
274 284
493 680
152 832
227 260
786 387
218 513
113 413
157 556
407 905
321 712
984 56
583 240
767 279
52 584
739 270
44 680
5 958
64 22
112 680
339 924
452 645
642 373
623 896
828 104
41 874
371 495
278 9
173 349
374 742
468 367
58 751
962 832
32 722
475 458
280 716
978 479
83 129
763 867
125 262
92 252
883 358
461 772
525 379
806 952
988 59
646 721
793 3
443 374
372 272
524 181
698 198
840 226
287 809
290 31
954 118
811 931
522 338
873 126
312 426
572 536
353 437
357 422
730 618
860 259
972 709
349 770
65 551
746 406
877 704
319 975
986 72
57 180
202 934
214 98
414 608
164 659
332 473
668 259
902 612
840 80
230 871
156 94
268 512
35 791
38 414
166 163
759 224
999 561
800 105
748 887
585 275
148 973
330 936
339 858
321 827
769 622
752 193
145 501
255 406
136 752
434 973
696 392
131 951
938 589
79 789
687 202
121 7
767 408
179 158
932 163
44 803
239 723
644 767
370 862
847 272
886 318
671 710
766 704
303 578
948 661
775 145
679 807
922 104
528 495
330 511
174 898
622 748
780 205
339 263
508 406
361 921
375 678
529 612
125 411
346 472
399 598
614 65
599 759
340 778
452 204
254 880
877 412
725 845
45 331
340 889
829 840
551 961
108 223
333 464
81 127
998 450
362 608
551 854
497 207
149 462
759 531
704 795
746 394
12 890
198 865
682 914
920 897
939 1
498 243
741 181
320 767
599 59
433 944
721 201
902 806
562 847
890 576
800 824
87 500
146 486
518 342
960 574
195 591
514 925
293 871
865 887
426 147
186 790
282 585
92 881
491 309
212 896
207 529
443 988
678 106
94 125
943 114
361 978
433 461
307 468
951 519
65 389
65 282
408 602
993 358
559 51
266 694
954 653
286 717
513 844
495 601
723 826
26 22
317 533
858 991
931 777
129 263
496 920
569 785
128 985
665 230
205 741
23 980
762 510
153 167
201 262
310 96
738 615
922 366
858 608
894 98
487 568
399 426
736 12
475 208
607 795
876 423
285 303
983 824
68 310
614 435
457 718
455 839
548 474
16 699
262 626
128 5
647 406
445 538
814 637
929 213
957 513
518 129
612 356
43 35
431 712
57 131
55 920
919 871
544 635
66 499
950 527
881 478
990 584
523 507
69 833
51 458
477 572
721 326
151 959
544 345
752 476
333 905
47 239
396 716
455 378
956 701
5 679
333 794
959 570
835 744
657 248
985 155
277 743
260 779
245 211
100 714
255 430
724 423
529 87
110 962
398 520
572 211
421 745
689 905
856 134
197 114
400 924
537 749
899 498
338 200
395 147
144 401
236 559
686 57
289 613
785 408
508 499
278 831
483 827
568 979
626 665
326 587
884 97
45 241
447 725
157 471
124 686
552 731
676 816
650 328
387 866
547 960
314 973
681 778
388 556
336 501
744 498
90 780
966 805
721 998
545 336
454 692
322 481
315 994
191 159
394 511
273 518
702 361
760 602
670 203
599 227
233 574
270 213
801 447
577 816
706 231
281 976
678 833
96 977
27 337
49 825
433 730
402 215
97 533
481 694
302 452
335 527
676 684
22 967
577 156
795 197
298 407
19 531
442 698
204 557
596 287
961 878
100 750
766 971
947 175
197 308
40 113
634 57
317 891
526 369
451 697
932 136
827 946
937 975
166 576
745 733
696 600
853 650
32 612
663 409
645 766
724 153
720 924
387 531
172 299
926 580
973 84
343 690
309 590
456 14
900 308
903 172
836 849
343 291
695 14
770 355
661 193
354 984
975 302
546 474
360 313
286 193
350 706
822 439
37 817
828 540
189 778
336 322
559 924
682 669
996 208
348 441
538 665
264 526
176 362
485 240
932 945
259 885
573 929
262 888
484 56
498 106
177 993
61 643
742 570
950 599
274 204
282 707
624 576
532 307
994 334
703 266
882 667
259 350
647 819
528 917
247 783
51 32
815 162
639 494
839 216
978 669
169 510
44 766
246 252
822 821
680 782
3 99
701 904
22 84
227 513
301 378
568 579
330 282
155 539
182 438
718 612
336 994
983 576
322 985
809 551
450 85
376 146
68 328
909 942
14 818
770 468
609 100
920 505
918 836
280 856
729 771
91 278
759 319
951 132
223 893
613 421
157 415
287 127
292 662
186 497
76 473
254 486
871 962
195 101
917 246
719 702
885 674
355 619
123 262
713 625
848 280
41 513
621 525
569 402
366 472
561 534
342 65
679 66
167 174
886 514
778 273
543 531
855 797
895 720
789 639
395 22
473 176
181 751
679 160
276 661
62 162
73 432
302 397
511 825
916 997
316 825
84 333
273 10
735 110
352 525
518 512
723 622
631 905
10 975
304 736
321 774
287 505
550 433
511 31
745 891
136 749
212 88
340 405
924 217
144 136
753 660
166 569
886 488
121 34
45 857
853 578
948 874
509 268
205 531
940 714
758 833
652 86
376 63
788 630
838 504
227 872
871 179
250 715
733 142
802 777
271 638
241 673
978 198
181 365
589 416
592 588
591 310
67 394
436 861
275 345
427 114
265 147
893 155
529 339
470 39
950 765
190 952
132 340
298 124
579 5
83 568
48 587
638 544
364 749
510 951
792 378
532 260
75 499
740 487
185 851
942 927
217 102
470 368
535 532
247 838
194 334
602 371
986 978
460 525
282 989
820 349
434 176
821 516
771 371
517 283
207 357
680 823
164 360
917 950
993 272
945 405
175 360
417 860
144 782
182 604
588 759
277 515
545 684
213 534
452 818
456 309
18 612
365 827
815 925
80 949
654 617
988 307
954 399
899 258
793 779
461 653
98 585
227 823
374 954
638 343
840 490
811 667
137 952
245 647
85 978
853 952
103 297
585 58
628 504
22 305
190 672
101 344
604 97
436 531
664 822
573 698
703 639
832 636
195 172
380 880
362 647
418 149
275 260
719 705
996 346
264 531
462 346
712 145
741 490
582 714
882 176
898 653
186 651
360 154
432 519
217 823
234 767
454 708
436 87
720 170
901 395
80 9
228 401
621 358
786 829
561 987
610 665
95 835
761 803
7 649
620 73
497 321
207 682
193 72
583 831
285 920
454 881
165 608
39 649
614 979
136 504
433 554
817 42
221 651
22 964
562 713
283 488
948 494
921 670
683 523
598 607
815 126
619 905
122 419
805 884
917 378
473 571
179 674
260 639
64 499
54 631
199 634
701 980
775 557
425 713
374 740
535 109
331 659
504 61
638 480
361 340
291 97
720 925
975 11
478 721
465 310
466 9
763 869
215 390
16 824
658 651
733 69
300 128
393 546
79 196
508 483
419 274
325 479
116 232
599 749
234 287
684 429
334 210
742 255
120 346
854 517
106 341
119 505
524 405
763 672
765 39
821 373
859 46
570 55
128 462
772 943
613 243
466 732
358 982
52 293
732 849
308 207
788 209
772 574
510 749
78 497
708 872
32 281
90 3
753 321
511 593
960 933
743 962
191 259
579 869
950 596
924 183
247 232
48 994
857 332
35 904
15 230
887 805
830 57
613 695
174 573
817 946
342 887
844 461
661 769
593 715
558 679
620 292
801 390
288 319
184 384
131 155
95 234
815 173
268 352
646 575
182 762
364 249
575 557
672 260
801 736
749 746
805 40
457 442
790 340
701 903
95 392
353 249
762 151
672 371
729 326
732 547
715 311
240 661
918 392
22 189
197 132
733 148
983 722
982 771
605 348
219 513
382 207
681 372
841 126
988 251
130 133
974 770
22 415
146 789
707 645
45 22
482 656
512 917
620 910
513 460
14 819
801 311
96 18
738 577
245 639
728 599
33 551
200 80
898 305
573 625
868 615
244 313
583 988
591 349
100 344
764 935
360 421
716 514
223 530
794 608
798 40
858 351
604 847
474 36
243 481
50 549
308 163
217 879
215 716
754 62
132 55
777 205
587 738
240 279
99 476
617 415
467 608
218 498
899 591
95 40
80 511
954 24
120 699
566 755
914 112
94 208
960 120
541 271
155 124
28 230
930 774
630 337
465 807
170 659
45 549
231 318
17 12
990 57
519 829
580 829
652 482
566 908
115 654
277 419
460 863
227 572
339 86
559 878
738 144
520 963
739 317
151 319
271 779
917 927
723 173
281 66
600 288
50 769
145 531
845 578
681 737
495 825
421 934
44 295
372 180
689 222
548 151
163 243
132 898
426 611
165 535
615 169
376 798
413 871
932 645
442 538
812 179
707 927
157 354
284 135
254 914
368 813
684 117
319 210
487 792
698 41
836 686
20 29
683 311
798 125
636 269
817 429
307 555
567 345
181 14
309 121
129 995
826 321
418 276
255 206
321 411
357 333
68 752
604 962
294 374
521 306
725 562
191 202
342 98
604 625
99 119
21 919
941 806
467 655
655 200
402 94
304 976
782 197
144 553
821 865
215 566
757 611
497 309
960 651
635 11
601 143
428 925
416 829
811 201
128 703
227 493
100 613
218 744
965 19
614 790
101 929
491 49
221 328
573 19
187 728
499 255
89 750
208 7
878 942
79 975
740 907
943 886
841 212
642 287
400 926
109 676
199 348
652 228
325 476
680 229
240 556
538 207
131 687
262 455
746 874
84 809
25 503
488 901
125 464
254 172
220 452
921 31
741 678
536 197
889 915
232 394
233 87
343 398
570 318
453 602
970 628
720 623
607 889
777 760
337 49
659 764
307 295
873 16
320 624
655 616
55 728
901 744
498 87
697 403
66 307
86 822
696 742
808 876
996 185
9 177
906 129
194 239
878 189
288 904
354 489
733 26
891 306
213 290
216 506
566 494
661 522
338 949
863 353
273 806
809 756
207 693
668 169
799 977
951 826
679 363
674 471
991 21
558 648
744 878
873 654
843 98
238 536
991 442
403 581
152 835
687 989
389 634
230 600
892 557
571 892
761 350
658 196
168 72
169 273
616 582
726 543
492 229
936 77
754 748
370 825
524 876
173 346
836 558
504 207
893 587
585 874
187 881
272 181
382 208
454 333
58 746
918 92
1 959
170 796
67 632
908 98
288 847
79 193
344 726
495 881
963 71
542 634
770 353
646 724
130 566
704 485
300 16
690 648
530 949
988 933
571 119
776 929
409 696
284 572
196 208
186 330
793 290
152 86
29 784
306 995
570 52
509 744
837 88
223 590
349 799
43 220
316 348
585 716
548 611
952 364
238 9
475 11
337 840
122 558
802 498
806 458
330 531
347 403
132 301
902 825
650 174
998 662
821 135
562 208
806 293
661 558
789 601
702 154
902 968
688 580
526 868
251 236
645 122
332 299
598 74
32 87
403 752
299 188
479 293
986 147
636 872
749 455
952 791
826 816
886 224
951 572
348 535
293 178
424 63
390 788
32 932
344 886
625 475
161 937
59 697
448 212
378 669
767 389
269 794
201 956
164 48
292 77
22 178
315 164
581 321
728 907
595 674
468 398
804 480
932 61
550 708
202 350
439 31
909 455
112 190
867 721
176 972
174 331
354 925
585 96
70 488
533 768
291 493
520 661
559 604
898 270
811 627
24 351
8 868
633 477
797 572
615 131
820 707
361 226
385 274
25 827
121 674
824 629
716 515
110 278
937 826
245 89
7 780
102 650
949 131
823 750
864 997
204 382
756 691
25 597
924 583
997 183
536 71
47 513
214 18
180 102
273 716
916 274
811 76
687 593
835 322
88 765
90 407
385 847
103 828
463 614
105 690
948 18
307 138
168 212
643 548
471 903
498 547
400 77
910 82
970 281
476 642
683 948
499 803
374 97
510 774
912 594
715 103
458 4
848 900
879 864
84 190
971 710
434 29
930 886
240 980
794 827
350 409
351 992
745 889
31 145
683 739
745 778
301 348
791 153
44 514
170 837
524 811
177 167
824 314
278 935
460 97
14 925
534 84
363 659
239 327
332 747
769 246
906 825
300 472
798 363
440 232
972 554
366 809
663 903
759 978
671 136
587 837
419 523
204 275
976 828
977 21
265 145
285 78
519 213
134 381
46 857
323 308
698 264
256 491
739 636
426 55
712 420
536 210
326 392
379 826
769 595
532 262
294 81
504 649
229 612
786 249
15 217
971 191
791 648
138 359
117 707
282 936
999 741
251 261
752 302
240 18
4 221
742 506
718 293
584 811
678 149
457 279
369 579
227 381
340 68
948 443
531 405
182 675
476 388
60 75
304 541
657 31
287 364
823 430
382 810
701 974
369 685
614 625
67 661
589 941
625 636
577 753
830 669
652 229
361 382
782 544
490 26
552 17
404 556
29 571
774 656
991 938
67 556
802 952
223 798
770 410
281 383
586 978
366 858
148 137
422 536
297 997
779 89
85 818
565 632
291 240
298 685
46 923
267 922
263 546
876 926
346 177
76 490
424 859
223 597
759 551
336 391
819 979
752 831
659 477
716 730
569 852
940 274
579 82
199 955
879 239
238 221
204 21
904 419
152 648
651 734
29 222
618 480
927 677
130 823
935 158
43 814
70 517
535 965
368 357
878 287
88 804
592 148
421 118
26 614
47 140
251 289
605 690
826 797
866 222
773 882
888 890
830 893
27 112
654 15
783 425
867 248
80 742
409 432
528 586
624 995
1 718
532 862
348 675
4 471
108 826
874 599
628 240
683 761
572 242
576 245
61 371
800 260
88 271
469 670
628 649
832 926
634 294
49 420
451 472
897 726
435 659
510 117
292 776
392 906
627 573
818 368
70 397
93 804
603 635
395 414
445 355
611 194
738 554
633 448
67 39
453 573
713 457
612 729
52 571
560 116
683 660
485 253
512 503
509 743
539 942
879 785
850 741
320 888
997 146
375 770
38 982
786 107
355 814
569 484
887 231
935 45
65 837
321 243
928 325
345 245
934 367
39 329
8 483
942 874
100 841
602 23
469 28
505 441
757 681
619 696
928 35
198 453
125 982
71 638
838 757
645 283
340 13
541 671
217 382
514 907
322 520
70 132
888 517
248 420
212 71
987 971
524 642
227 514
211 137
448 213
453 76
571 633
843 508
23 238
283 168
818 133
430 839
36 218
477 376
900 546
887 781
747 134
965 195
125 294
225 561
902 826
704 339
348 944
724 926
453 384
180 73
495 5
707 933
929 483
609 347
81 226
12 948
509 794
238 456
475 918
918 532
544 885
623 258
48 324
659 420
767 655
99 411
370 83
436 781
384 757
792 242
756 547
133 966
455 223
737 64
503 243
714 670
397 674
398 69
419 938
825 328
984 578
440 868
762 757
355 185
604 315
503 273
530 143
969 949
451 967
568 405
18 970
681 154
101 907
896 999
92 578
883 889
844 721
169 479
956 504
786 342
537 612
204 711
148 382
732 513
749 605
163 262
142 52
679 886
334 733
814 235
799 381
158 527
715 674
404 907
741 942
84 883
233 351
839 765
788 625
456 506
720 871
537 311
738 519
116 12
872 930
889 772
541 915
908 442
932 304
935 595
996 579
229 380
547 91
396 629
800 52
634 931
177 354
585 381
125 44
94 965
958 530
615 393
983 165
161 214
825 831
295 167
392 414
104 904
530 668
238 87
702 486
974 331
868 970
196 180
407 234
288 454
882 720
360 161
310 595
204 498
920 771
573 695
998 716
765 719
507 35
716 405
935 245
591 887
934 164
997 396
66 126
105 540
18 253
971 289
240 309
166 13
13 950
179 434
943 316
156 898
772 236
596 400
620 366
202 197
683 544
321 743
108 169
41 65
629 377
496 331
599 781
904 802
942 350
301 302
236 261
222 816
683 718
723 877
796 999
671 757
748 488
568 638
272 75
315 239
889 198
818 250
858 959
451 511
107 385
92 507
295 694
581 169
528 43
707 607
519 372
560 875
153 395
581 971
712 950
50 517
641 494
92 136
737 325
538 798
560 250
168 855
522 266
155 815
447 15
530 881
911 412
694 4
845 168
519 171
504 852