1000 5031
564 109
322 272
913 139
309 736
594 523
864 942
963 346
277 471
540 553
923 333
691 480
746 117
319 621
669 665
568 524
864 8
475 9
644 673
901 573
61 635
99 312
240 97
887 382
284 977
88 519
317 627
603 163
868 695
793 379
952 802
32 899
660 155
509 731
97 278
578 636
371 824
320 788
580 453
853 225
391 102
447 133
303 831
880 257
139 810
240 160
862 543
848 474
354 962
408 609
208 654
923 322
689 123
599 728
564 27
729 407
158 347
108 546
345 348
880 746
203 894
865 215
150 49
997 909
390 53
356 336
30 352
927 283
868 488
251 401
678 749
310 267
664 182
534 769
757 871
278 288
280 191
86 180
852 314
84 684
583 672
489 484
803 831
343 880
398 4
716 7
411 250
438 111
486 778
648 831
298 815
561 472
428 81
780 715
196 632
620 573
32 694
790 318
573 166
460 933
405 207
705 278
887 522
135 979
946 399
379 185
535 474
914 967
25 293
519 496
887 75
707 423
232 699
431 816
782 968
639 477
327 377
698 117
311 957
826 603
976 783
594 889
443 760
455 359
686 967
534 653
394 178
826 807
877 124
473 513
94 382
928 885
712 244
443 284
869 744
726 532
631 389
638 501
843 901
882 216
682 13
553 816
152 367
154 31
870 52
213 330
140 30
195 902
955 349
516 798
666 569
546 684
583 372
637 895
172 545
339 851
319 850
964 72
452 356
953 313
844 243
898 951
927 33
425 798
497 218
228 195
3 967
375 876
871 555
378 365
34 475
677 477
510 204
383 582
920 488
386 915
350 320
978 537
285 577
173 313
528 771
999 877
122 291
747 291
431 74
585 604
470 243
571 618
436 508
845 477
663 58
115 141
461 905
118 234
579 900
232 495
985 823
782 43
857 733
786 86
92 318
898 105
693 569
898 799
81 318
898 258
595 699
379 72
407 745
607 788
323 754
280 808
657 278
626 113
915 909
185 168
864 680
611 132
701 772
996 811
404 730
82 736
320 123
356 476
564 217
675 931
70 614
951 598
532 884
609 110
993 324
611 680
882 15
562 467
800 586
637 227
103 380
654 884
415 958
210 46
633 161
38 403
630 788
460 449
67 960
247 779
509 899
17 577
531 238
807 30
368 96
556 798
522 321
889 322
730 507
360 396
391 872
581 668
52 698
366 703
202 881
963 287
591 820
995 151
338 910
889 870
230 725
996 862
108 863
503 53
732 289
553 4
720 345
593 237
576 163
489 101
891 18
409 316
962 314
281 458
654 895
255 873
328 97
309 129
865 720
442 444
776 127
907 33
692 326
360 700
757 997
922 694
775 89
934 271
19 459
451 410
615 533
34 254
249 228
322 981
417 599
548 881
953 665
826 639
610 288
422 697
99 540
778 161
737 654
762 487
136 160
786 618
965 194
215 537
491 583
773 624
867 365
373 252
157 959
357 301
654 269
692 576
125 961
237 700
491 724
628 582
976 121
758 284
501 690
742 592
384 762
801 98
32 667
344 925
878 112
568 622
607 484
246 805
184 790
562 39
818 880
485 602
902 176
931 998
181 881
627 106
62 631
150 977
422 69
866 679
392 56
49 73
768 537
416 942
660 84
382 471
78 753
202 569
441 201
539 39
284 301
300 529
62 752
319 596
251 831
103 822
415 917
587 460
948 623
609 58
19 799
810 165
79 421
689 394
780 410
536 636
766 759
131 933
660 938
38 697
147 524
938 180
496 623
79 4
562 661
600 341
676 234
638 966
969 858
109 87
818 162
718 816
898 553
310 662
593 989
23 22
443 217
257 298
649 123
373 296
756 456
366 963
740 969
754 282
663 856
974 73
851 90
762 754
959 956
619 234
804 948
416 367
589 473
735 197
739 30
727 18
425 74
200 4
427 289
672 69
528 442
512 644
983 863
34 216
570 390
139 45
985 632
737 415
441 893
6 146
483 908
1 860
1000 622
838 924
175 542
969 835
144 450
22 458
95 566
756 284
849 214
85 484
6 45
827 159
29 271
273 652
880 587
720 325
152 967
574 398
960 110
462 89
54 886
375 247
512 81
968 947
92 820
128 229
922 185
572 187
618 936
980 767
957 655
887 339
173 160
854 387
616 222
472 179
766 186
70 296
878 702
311 924
636 426
301 220
630 175
373 493
958 189
404 414
585 26
407 515
34 409
604 160
939 909
972 700
991 191
938 73
645 835
850 215
392 835
979 905
265 289
999 506
196 485
306 216
842 435
80 740
366 973
892 454
684 773
397 751
646 409
373 869
558 947
230 822
926 275
472 533
804 446
418 26
518 18
994 467
280 626
207 89
728 315
266 70
837 178
137 320
639 122
16 92
930 791
143 107
865 947
610 803
573 771
25 418
833 413
707 730
923 393
468 688
910 267
977 98
314 274
751 887
442 983
993 325
830 98
667 908
9 336
118 997
781 923
252 1
72 359
793 676
639 1000
275 458
638 902
168 706
498 129
522 642
615 788
7 899
980 119
195 355
748 507
966 70
345 274
770 395
218 950
661 386
280 275
276 427
428 358
354 919
722 624
498 733
234 151
727 346
379 456
490 566
568 992
237 117
664 852
211 948
594 199
757 500
407 429
171 324
338 537
504 390
801 571
913 33
659 14
381 267
701 254
93 972
793 635
8 444
541 569
263 840
196 542
550 762
768 764
822 291
42 991
381 807
583 288
901 267
351 622
211 749
610 300
175 779
948 359
783 669
398 271
740 937
594 335
6 239
987 881
450 934
696 359
243 724
275 925
133 179
725 894
748 480
777 683
692 422
361 335
253 814
966 146
36 863
148 881
889 362
297 704
689 198
104 546
447 105
233 194
547 823
749 100
953 902
12 481
445 270
148 736
862 51
518 770
614 401
818 104
817 20
747 812
797 929
788 816
990 314
607 295
539 347
504 624
360 362
675 350
168 320
704 81
562 276
862 752
38 301
521 767
132 213
701 834
44 566
669 347
82 267
999 6
504 991
999 393
43 186
52 471
965 551
489 878
68 606
438 155
187 815
868 785
211 834
801 371
711 272
108 363
626 456
953 578
145 909
898 325
850 730
727 710
806 216
388 413
946 149
228 7
926 954
340 984
841 194
158 583
199 973
933 306
428 63
368 87
421 765
42 463
260 282
29 722
856 460
32 798
675 154
655 31
290 100
626 1
239 977
55 787
331 298
958 64
134 61
266 944
480 4
748 57
803 235
145 418
418 256
572 948
420 715
866 601
354 642
150 843
962 792
800 989
716 759
603 477
754 834
933 799
418 371
920 39
681 596
546 418
630 637
669 194
560 424
1 648
29 736
462 806
800 497
593 733
670 489
18 316
185 469
24 555
206 471
650 380
537 289
618 517
837 159
486 71
489 975
400 329
309 385
20 543
934 735
999 33
371 888
816 406
634 830
472 790
41 471
399 176
347 227
681 716
663 185
24 190
922 885
151 389
780 379
266 778
568 707
941 647
156 883
826 383
974 513
139 27
797 579
870 59
265 5
64 44
982 138
734 467
697 10
626 160
200 995
72 96
844 961
918 88
756 611
206 478
353 954
681 575
142 529
927 282
838 286
118 363
414 188
877 316
381 183
861 2
11 534
862 741
311 97
276 197
993 573
759 902
775 157
228 222
946 682
837 612
931 940
568 882
861 968
381 851
883 359
536 476
575 922
576 627
284 770
636 239
804 908
584 477
931 61
588 74
55 493
246 72
849 484
99 773
590 971
523 753
873 494
11 75
361 719
877 857
215 790
807 697
594 999
408 803
116 796
316 289
393 197
157 302
984 715
422 391
290 113
881 495
238 860
591 549
21 954
922 724
613 816
686 94
692 657
428 844
584 522
433 97
966 702
587 224
128 459
257 627
611 230
131 541
931 779
248 256
104 517
266 828
943 730
964 352
177 914
896 854
35 418
143 141
382 847
455 442
331 575
832 435
759 232
476 479
511 299
818 7
268 671
185 363
536 119
786 881
751 274
381 515
989 46
215 372
95 789
149 210
668 806
388 256
65 834
815 924
410 774
620 782
924 66
382 300
515 823
790 954
789 605
115 107
614 803
762 631
154 325
115 840
762 459
709 757
12 815
654 142
810 123
895 222
587 153
878 439
697 937
610 529
865 287
259 719
349 796
387 473
208 741
353 35
838 609
503 893
141 613
491 157
660 605
440 67
657 112
993 870
903 927
532 365
564 847
156 972
250 460
165 479
865 566
675 834
958 175
959 624
891 211
366 424
660 774
311 986
844 369
403 970
668 684
777 38
33 91
300 296
619 455
893 700
421 128
396 795
182 605
681 361
533 215
926 881
598 935
966 118
357 677
219 834
322 823
701 304
114 746
913 683
614 73
780 494
369 17
485 11
654 435
583 507
514 286
509 362
111 522
294 889
727 283
547 346
196 372
379 60
398 393
161 916
678 782
147 511
755 82
990 410
793 305
837 459
651 488
581 925
449 46
31 527
213 1000
200 27
521 964
369 666
154 283
689 14
619 774
62 416
24 453
713 128
786 54
381 114
328 98
76 141
404 514
336 840
813 165
70 403
801 403
562 513
734 429
219 517
633 602
700 858
240 536
481 916
260 800
811 288
373 985
245 916
215 168
674 754
586 167
877 281
769 432
796 736
554 499
898 897
170 876
421 910
328 749
386 262
446 325
644 981
32 958
190 723
485 252
933 488
990 646
607 668
422 210
833 662
408 146
279 657
28 125
157 84
512 536
140 761
568 26
642 151
607 342
88 40
976 122
27 191
138 406
470 963
125 945
221 765
780 386
480 110
409 665
943 106
726 254
195 703
380 527
841 107
508 225
144 151
519 426
882 274
516 886
501 463
775 247
707 280
18 39
333 440
966 669
503 994
309 97
99 13
114 251
574 72
829 192
478 502
50 130
834 704
797 460
49 217
470 939
605 846
53 108
146 318
844 502
775 547
611 920
667 343
461 940
261 31
923 308
360 743
836 627
927 960
621 846
206 815
894 919
615 366
540 107
19 37
441 192
19 297
988 282
890 7
765 666
696 308
128 961
715 519
267 83
475 515
719 87
443 789
244 90
898 635
427 2
583 385
398 129
360 63
963 571
472 665
975 433
874 439
702 499
848 686
461 287
997 738
852 46
891 406
50 812
621 513
162 403
518 77
680 460
57 549
521 840
187 409
775 967
578 129
874 888
174 129
890 398
506 747
379 107
570 391
147 426
366 802
519 631
186 569
116 400
188 805
793 314
246 618
502 216
359 954
340 728
804 722
255 613
53 706
954 905
921 141
707 649
179 859
742 540
428 464
506 461
993 287
252 697
367 214
880 135
384 854
920 467
573 551
976 815
338 770
136 609
528 862
195 372
61 828
70 725
489 599
53 126
326 820
662 359
312 271
849 300
910 468
870 506
885 12
584 175
787 851
352 881
397 12
254 474
323 569
299 693
761 435
562 891
655 262
407 514
63 799
837 89
801 552
586 270
454 389
606 798
420 194
518 241
974 866
963 639
98 529
335 423
335 812
104 899
896 888
140 193
246 206
748 738
966 843
604 809
787 602
169 713
95 632
817 118
678 949
433 535
489 5
861 719
208 754
800 10
220 403
184 884
320 677
353 899
174 734
411 248
982 204
929 48
83 477
414 87
12 223
788 448
203 823
721 3
562 882
237 811
159 106
988 799
55 752
629 160
79 852
652 839
409 947
980 446
693 643
804 343
740 651
290 291
257 971
807 202
104 582
757 614
385 960
407 135
29 539
585 832
75 697
640 602
179 466
907 506
558 326
120 302
600 760
485 90
379 459
489 415
785 858
233 318
418 525
202 214
510 952
976 935
866 730
428 302
391 698
744 942
70 540
642 916
257 516
638 40
793 941
595 121
244 73
581 507
727 187
250 301
620 988
142 759
586 860
856 172
667 944
165 772
313 574
11 41
391 600
358 320
676 813
933 244
509 567
774 549
184 64
230 759
685 628
573 923
743 168
833 453
184 802
747 624
358 868
785 264
161 337
720 516
628 961
441 664
405 471
965 971
299 10
686 493
743 57
714 699
514 121
414 772
438 604
276 145
441 521
9 314
410 53
873 526
818 473
675 438
770 744
454 769
309 87
917 546
737 209
630 494
78 396
82 563
504 514
670 517
800 484
158 356
125 911
128 194
506 302
572 398
759 773
575 648
652 603
565 55
285 682
690 750
762 380
929 170
865 392
438 338
97 998
193 324
613 320
844 695
516 656
156 697
840 495
397 758
19 188
319 498
611 310
960 467
407 317
802 622
604 367
339 453
158 220
677 399
132 869
611 424
239 188
975 911
501 760
337 153
764 383
620 148
160 469
307 947
783 738
219 725
363 348
437 316
2 702
120 740
850 551
28 621
357 623
29 194
103 127
903 106
913 717
570 429
990 551
310 725
243 191
387 546
65 790
652 110
102 189
38 436
758 63
931 618
676 100
146 612
147 553
854 955
369 184
205 455
498 83
136 700
230 891
692 36
322 731
451 779
491 365
327 625
167 704
996 99
670 740
975 345
381 822
997 204
891 345
130 61
13 816
13 507
142 891
986 936
715 820
293 757
828 525
99 871
25 643
373 301
158 47
557 77
583 430
496 216
822 87
171 286
238 567
619 368
224 61
685 346
664 867
407 450
119 84
797 766
815 96
94 138
984 621
640 836
679 577
34 655
311 301
131 91
939 365
443 256
580 893
933 149
836 668
198 687
156 574
527 98
838 454
242 635
533 855
748 187
140 966
422 323
141 960
243 418
923 324
213 648
800 68
88 982
804 449
570 460
292 796
696 377
593 424
240 379
741 874
12 859
734 924
997 326
48 478
557 131
503 584
68 334
997 363
185 736
133 731
478 723
535 256
408 111
104 282
267 454
50 970
16 59
452 970
146 598
789 341
528 118
786 480
42 647
901 145
461 772
923 172
247 703
475 851
302 27
766 604
838 57
126 511
819 14
199 625
865 381
494 546
832 98
38 600
817 553
252 508
854 916
856 307
127 981
965 970
47 290
783 761
18 303
972 940
554 531
223 687
421 536
277 214
741 139
670 752
213 304
837 731
486 443
907 200
861 943
589 362
864 855
787 40
294 787
408 851
944 808
616 109
464 746
870 285
104 257
657 541
231 194
470 304
200 820
578 45
38 20
773 500
35 121
8 71
964 834
463 100
29 205
932 572
784 306
507 502
785 527
956 693
509 604
495 567
97 236
522 458
680 124
575 21
530 945
878 648
585 426
531 815
105 923
607 55
590 917
942 814
16 757
460 151
557 639
153 278
338 596
137 76
358 745
667 57
625 348
509 883
864 313
681 661
441 19
867 702
689 341
854 649
247 597
430 495
415 802
30 228
237 905
30 614
6 484
173 876
660 149
854 823
381 488
115 464
233 175
489 53
713 552
918 9
55 937
258 87
211 464
150 105
837 527
171 180
88 329
7 970
907 760
402 34
927 274
748 711
52 728
478 277
917 697
58 53
93 995
460 603
146 885
781 335
711 888
964 636
531 164
676 717
680 894
823 878
756 460
37 949
556 688
725 197
999 791
99 963
741 138
235 106
288 960
660 185
153 100
681 559
793 101
188 60
580 878
85 899
553 706
929 723
434 275
108 446
509 504
418 994
734 211
609 477
791 717
650 892
297 492
711 191
134 644
534 846
411 737
985 753
984 871
250 730
34 895
953 472
148 980
794 63
850 944
999 959
715 719
86 508
981 687
629 709
698 269
721 126
520 226
443 673
24 702
594 429
867 281
544 303
375 427
243 312
30 514
638 731
346 98
590 129
510 170
573 656
243 278
844 753
394 316
50 577
767 385
491 327
742 682
475 699
520 407
6 324
6 796
408 59
391 263
156 963
717 517
485 921
579 813
550 55
182 392
202 129
94 574
239 4
260 704
133 663
248 811
173 203
999 948
302 348
692 812
517 92
729 403
515 813
536 795
260 663
208 828
7 324
248 430
390 153
636 577
268 606
336 542
804 194
897 363
935 936
993 799
955 960
705 344
906 702
539 682
778 987
943 834
263 897
784 841
680 245
303 649
951 727
921 813
901 436
478 74
686 341
146 643
654 73
730 902
696 191
1 799
143 716
132 713
791 255
23 426
522 906
135 454
94 302
789 296
692 811
732 744
731 272
168 225
879 550
199 805
402 691
907 198
683 600
796 220
615 669
228 225
707 283
28 435
819 543
731 218
199 111
55 81
772 453
793 120
844 464
62 758
963 424
726 585
892 801
75 643
114 40
553 306
570 752
510 377
257 395
648 517
618 911
958 749
353 226
337 229
159 292
181 539
493 474
739 818
239 10
973 283
739 104
540 642
113 432
877 365
544 138
357 928
116 41
662 104
68 367
327 418
217 225
488 735
37 937
313 875
177 699
336 426
390 326
604 624
158 802
585 704
896 455
472 794
330 500
148 380
159 60
425 754
707 519
465 400
29 527
374 703
662 257
565 856
273 454
202 945
350 558
3 672
650 784
353 571
135 984
384 875
803 627
483 448
196 151
452 876
756 748
715 27
879 370
619 251
168 315
658 746
685 981
62 390
444 453
610 69
913 489
373 345
509 254
239 798
366 146
866 673
79 833
150 659
501 806
544 240
11 948
607 51
561 877
223 90
587 367
883 747
574 123
387 840
25 555
337 326
64 538
266 689
486 296
397 442
492 435
273 447
384 145
865 165
339 413
277 287
207 936
388 323
465 599
669 806
764 7
23 822
416 215
413 282
734 268
503 803
238 735
3 822
596 824
124 101
462 818
339 772
664 87
964 155
529 799
768 934
338 118
128 5
458 820
955 456
132 130
685 863
637 394
135 950
82 769
927 107
268 399
640 96
273 988
37 657
137 535
694 545
49 312
50 540
586 954
606 403
932 825
729 717
984 372
754 811
848 999
761 919
351 651
797 71
32 697
728 304
682 459
879 981
143 544
558 728
156 310
683 96
620 600
868 44
651 123
82 873
278 508
61 296
177 752
415 853
34 91
889 657
394 495
131 121
428 684
116 963
865 959
616 609
63 960
818 997
856 16
79 714
751 655
768 401
695 846
628 572
683 443
350 197
645 987
79 307
615 790
276 218
319 959
943 666
675 709
893 262
224 481
767 409
218 635
21 22
19 390
789 699
684 909
833 944
761 467
577 814
544 626
652 243
826 717
654 44
145 538
638 554
16 85
557 810
883 928
239 627
239 46
901 599
756 945
902 432
248 214
707 709
544 737
528 48
997 112
344 188
356 288
143 483
947 623
168 627
630 613
188 117
423 947
721 387
356 89
437 954
116 73
145 251
181 719
275 469
496 875
585 35
82 492
556 484
177 232
678 629
932 688
418 471
19 64
221 108
114 102
647 223
58 688
65 874
9 677
284 396
585 646
175 591
431 250
198 552
109 417
571 282
494 290
661 949
404 472
650 464
373 919
834 395
41 3
266 473
603 336
968 318
89 320
34 534
201 798
842 788
609 60
76 496
849 621
95 446
273 591
278 831
959 842
139 592
530 653
366 274
159 232
532 67
400 4
368 574
439 872
331 931
922 905
564 236
142 653
512 63
181 583
93 292
594 513
983 191
705 117
830 641
335 237
652 225
708 454
838 870
380 316
109 410
623 671
844 211
554 882
75 736
166 372
277 164
647 101
633 206
686 64
266 261
763 863
729 232
17 623
21 619
881 527
755 735
257 216
576 314
388 947
619 738
966 246
822 418
340 619
576 690
509 449
742 690
662 871
314 905
721 684
404 136
939 56
249 567
158 923
72 899
144 112
805 688
116 970
494 324
422 975
184 152
557 538
388 302
707 437
411 199
801 40
140 964
693 106
956 627
144 399
714 176
181 774
221 802
734 368
226 218
929 281
585 84
911 251
751 222
427 697
274 123
370 945
611 648
336 566
408 163
579 796
598 677
357 832
411 485
965 129
470 545
478 888
878 264
266 740
956 85
683 874
698 710
903 512
560 426
372 760
460 325
765 383
291 597
606 971
645 314
764 915
629 126
327 720
154 621
239 829
198 769
135 31
951 843
560 168
612 101
997 429
652 518
509 927
302 67
604 303
658 198
491 27
576 990
425 218
174 658
986 494
633 790
297 825
598 35
836 874
624 760
822 269
823 433
402 206
849 481
957 128
857 300
809 2
705 283
912 527
681 853
417 746
234 736
255 277
827 470
260 758
775 469
249 895
520 259
506 822
198 256
735 940
844 850
550 245
465 876
373 107
965 929
749 194
854 33
50 446
13 10
658 372
512 529
751 667
864 411
368 400
115 326
764 770
354 25
156 412
751 355
509 3
252 738
254 305
323 649
36 409
368 495
494 238
650 832
480 840
737 112
174 669
837 254
620 130
674 637
179 9
143 738
717 238
3 298
390 734
228 853
856 419
554 542
158 31
34 25
532 325
455 109
534 799
21 269
604 287
515 648
851 905
211 444
782 261
362 525
516 87
826 713
994 324
978 541
53 535
997 730
157 78
654 873
343 312
86 840
202 479
554 904
350 154
497 44
604 336
118 859
374 12
104 107
654 792
896 268
414 851
366 705
292 371
233 499
560 153
27 649
581 829
729 92
716 532
249 648
974 819
518 956
640 108
150 762
463 998
266 850
891 752
505 608
986 318
343 320
783 999
589 680
182 198
94 591
593 240
959 872
480 983
93 909
726 436
319 102
342 386
892 798
987 469
533 694
190 699
436 511
378 10
347 812
867 456
852 847
337 835
638 531
434 232
930 105
871 703
347 187
115 968
965 14
455 815
244 236
937 500
483 246
391 876
140 346
195 714
195 769
309 110
487 382
716 531
717 700
21 287
520 541
922 804
222 513
317 355
281 578
687 403
564 623
13 618
582 656
291 467
896 576
790 924
736 251
147 361
868 805
156 960
88 772
838 35
434 272
144 59
509 621
989 376
169 398
518 59
741 828
857 552
373 152
838 745
297 371
52 790
572 477
330 365
630 666
442 291
248 900
338 583
263 684
138 117
218 569
68 498
953 328
974 829
701 731
461 225
136 760
870 845
184 830
323 192
896 653
896 499
524 272
570 195
438 78
976 673
650 558
813 18
725 464
781 414
24 433
570 751
275 994
187 372
63 658
990 924
227 919
691 922
512 845
721 938
512 231
890 2
950 649
231 197
94 575
810 666
995 304
867 583
762 525
64 989
428 342
818 129
108 655
716 513
734 416
550 289
865 122
232 494
867 257
333 538
797 320
923 909
817 386
319 731
505 448
506 446
342 359
472 653
493 265
644 863
332 764
611 731
922 857
260 576
63 636
100 970
374 249
434 313
782 709
179 944
636 994
601 835
610 468
920 367
681 612
43 87
330 37
128 238
490 54
953 489
717 320
664 884
989 934
841 59
813 919
505 44
335 162
501 155
765 671
345 934
568 943
692 446
37 217
679 542
75 673
494 495
521 241
794 433
670 623
285 998
817 846
965 200
566 403
900 307
955 110
727 600
561 161
104 63
505 442
133 774
300 484
309 874
532 582
474 209
789 235
882 703
646 684
773 828
631 429
368 439
686 153
355 846
962 186
543 60
433 936
837 287
565 442
913 169
219 533
827 687
543 831
75 713
167 792
813 912
29 981
213 742
372 935
215 325
854 52
361 977
984 695
804 792
752 238
964 272
516 225
494 811
388 39
127 277
809 811
447 690
357 459
379 917
714 371
841 912
221 555
441 928
850 700
523 693
356 53
915 812
196 1
391 542
365 909
947 872
771 66
224 858
939 126
361 902
652 698
119 246
104 736
250 60
196 731
769 723
368 821
737 412
59 197
774 251
405 740
154 217
941 821
817 292
491 75
788 419
497 949
377 769
77 100
397 674
335 490
437 263
584 392
358 328
823 12
808 166
534 449
294 944
631 121
36 758
157 61
682 296
593 401
922 4
176 875
660 513
259 981
522 981
506 78
896 929
852 939
864 884
726 668
675 679
481 635
691 514
861 208
368 812
476 517
510 908
149 271
23 895
870 765
465 170
212 511
918 329
949 872
678 803
652 13
202 718
683 308
665 289
222 517
759 577
819 972
910 637
134 56
356 970
839 835
752 107
570 238
487 597
535 458
773 459
421 742
993 749
281 239
427 828
870 96
504 164
655 811
737 871
250 46
510 403
819 380
280 484
208 429
995 558
520 706
725 110
907 71
670 673
213 271
358 872
215 170
948 888
131 235
593 948
701 128
375 117
207 922
88 12
434 511
90 816
751 880
203 627
611 261
591 627
189 700
856 688
615 640
744 46
104 321
984 571
16 84
927 665
252 886
933 888
452 277
496 672
611 764
652 285
466 264
598 545
212 228
485 386
451 899
407 478
293 735
274 899
421 37
528 989
411 243
512 807
729 551
920 3
179 514
608 656
609 201
566 812
539 648
683 559
756 944
200 938
155 643
814 541
504 393
378 312
405 805
434 502
142 959
854 662
436 152
610 639
973 531
612 209
522 236
446 712
797 310
867 16
447 109
147 590
253 131
273 634
532 498
317 49
845 10
920 927
24 212
958 396
7 46
962 358
926 256
391 602
486 966
657 426
969 597
821 924
736 499
109 858
988 566
862 950
849 834
556 909
868 567
849 530
615 927
726 811
174 323
937 401
996 268
373 327
474 164
610 816
404 940
208 298
830 981
652 992
669 30
672 467
48 968
710 960
70 244
237 508
554 462
898 515
166 56
497 780
386 482
903 764
868 162
337 272
483 497
179 536
505 503
585 58
126 449
660 121
19 733
738 223
726 952
366 862
685 730
946 48
285 204
531 825
741 845
363 315
939 293
130 643
23 992
827 450
497 987
938 835
558 744
575 833
281 490
962 144
411 666
584 671
105 77
386 508
932 114
789 395
934 799
932 674
168 287
631 567
794 552
941 327
889 750
981 305
32 905
694 1
736 194
882 289
293 291
848 337
957 33
405 79
652 443
237 288
380 665
547 801
52 321
893 556
640 674
219 464
493 209
882 893
360 808
387 989
135 107
449 299
231 55
675 14
966 312
338 151
51 753
167 858
67 623
498 824
361 938
380 749
266 121
889 618
177 853
141 624
455 753
619 97
539 671
400 412
8 453
651 467
997 1000
595 312
941 358
639 774
566 87
487 367
270 69
381 275
716 13
111 126
974 839
443 269
462 27
947 484
926 746
447 152
450 236
692 915
489 658
382 644
990 839
674 780
3 935
939 48
928 456
958 417
524 884
233 66
764 185
131 81
342 198
971 860
237 197
729 662
927 239
637 417
650 814
369 532
62 453
409 687
375 91
650 242
786 552
712 453
217 937
510 205
779 647
663 959
941 209
104 101
388 712
836 401
765 21
144 764
548 493
380 418
218 261
182 242
849 26
224 700
263 482
901 623
50 23
198 659
986 469
588 78
988 619
723 772
82 465
338 282
105 112
530 211
141 712
402 917
365 799
721 241
667 278
5 643
462 316
906 261
156 785
431 823
675 374
964 1000
696 977
288 846
475 73
588 812
184 602
202 857
21 958
685 796
118 498
190 991
887 815
343 971
978 252
142 553
695 327
588 643
511 641
737 130
497 741
65 351
794 948
762 122
709 236
330 410
877 709
363 406
939 511
313 322
475 849
629 458
664 943
94 389
690 651
838 816
765 368
440 86
414 27
694 820
74 235
475 27
533 658
150 625
600 412
635 876
941 997
691 558
636 968
786 499
608 255
664 129
17 54
890 288
495 453
422 1
870 275
727 254
343 925
896 495
551 940
169 758
701 988
630 5
188 40
154 488
10 341
547 875
143 330
103 330
662 412
144 206
588 439
18 555
572 134
130 401
591 209
332 245
758 308
758 249
996 92
608 421
279 767
133 27
982 155
205 912
378 765
737 527
737 946
475 984
750 320
850 371
812 702
691 567
681 330
692 654
785 815
844 239
350 834
366 588
331 459
849 252
794 90
172 684
283 364
817 808
303 298
423 71
487 659
896 43
938 286
405 968
419 710
683 373
612 341
521 270
79 782
816 348
302 43
431 539
16 496
879 823
715 318
551 321
849 459
524 542
174 684
1000 723
638 394
748 881
676 888
571 808
329 389
220 300
740 643
701 165
849 356
408 343
388 189
173 790
317 188
620 768
345 517
362 749
70 22
534 176
682 217
240 636
95 379
922 805
978 454
797 184
563 736
30 537
761 679
657 325
720 785
47 933
114 205
114 803
885 277
903 154
890 858
653 601
775 673
413 906
512 114
489 60
273 578
844 268
184 280
438 487
719 295
258 665
588 410
333 318
662 935
465 624
728 341
836 222
50 138
286 59
882 738
683 8
918 940
172 198
64 967
836 109
323 767
711 446
927 653
604 526
507 831
682 631
510 548
93 580
3 401
562 885
99 430
228 672
526 426
340 566
52 387
159 617
841 514
290 264
368 1000
332 710
993 570
228 567
266 667
266 212
726 573
288 643
770 795
125 980
263 191
421 30
777 891
208 613
595 351
658 600
340 162
178 773
13 271
99 706
953 487
866 246
21 618
703 66
724 197
923 799
545 96
249 743
158 120
382 96
452 82
843 839
308 567
826 948
776 662
572 899
690 324
379 717
32 945
179 335
441 520
128 426
420 56
796 190
826 466
114 853
207 613
957 954
889 425
140 175
558 997
343 479
120 802
590 836
386 235
133 984
208 604
591 423
445 385
230 290
669 928
196 163
894 915
203 733
882 532
994 625
814 401
611 689
681 209
928 698
615 932
416 51
552 469
845 592
334 40
234 303
554 391
645 751
243 684
778 84
45 467
546 216
711 758
838 506
344 842
108 227
237 875
616 287
721 595
258 828
830 622
497 286
156 22
658 474
714 15
914 112
897 40
274 467
721 748
336 825
5 321
977 656
435 197
726 320
575 39
226 138
91 859
311 906
662 516
260 844
494 12
522 947
445 661
445 832
373 483
963 799
944 81
983 149
70 567
343 655
144 463
805 123
642 911
681 37
476 423
900 926
595 917
391 845
102 647
838 552
142 542
605 73
202 556
573 597
332 325
903 254
579 393
228 121
266 282
68 53
898 225
144 595
125 139
581 305
883 661
681 922
475 201
664 112
791 330
532 362
836 613
70 710
729 902
399 326
380 259
881 290
347 7
368 763
132 697
668 448
227 176
245 305
870 337
817 347
345 500
32 855
126 902
17 690
803 312
589 15
22 893
204 160
497 426
629 863
409 371
923 556
670 413
374 974
913 218
674 210
959 541
732 257
520 447
93 163
791 635
674 938
460 393
173 832
7 905
780 655
465 286
877 216
933 198
413 819
442 348
443 432
796 66
183 370
124 763
965 475
124 453
285 123
202 163
203 326
42 546
968 364
760 318
953 819
544 725
959 647
104 204
50 495
683 410
605 948
951 450
220 72
918 324
576 875
631 517
995 188
478 656
357 801
373 358
470 222
640 98
952 530
402 813
504 878
174 46
455 831
273 353
908 262
488 831
929 655
171 246
821 905
1 435
273 438
280 630
388 255
867 977
282 979
652 246
450 80
590 979
422 577
171 128
800 267
32 432
142 949
514 98
219 410
777 238
520 559
36 550
481 482
961 824
428 782
103 314
502 484
967 262
642 523
169 567
611 808
259 223
996 631
544 517
407 847
377 820
963 989
319 628
838 684
657 432
997 195
751 922
308 816
38 420
520 800
44 494
850 569
935 355
247 395
907 514
689 151
149 117
836 327
676 251
987 141
842 582
492 306
510 81
866 102
921 641
441 660
44 816
279 59
943 469
444 264
84 209
35 66
68 340
809 641
239 482
424 876
319 781
496 525
208 195
996 292
797 970
374 713
84 395
633 521
639 763
983 46
42 878
328 39
571 229
607 186
591 238
756 740
497 302
79 975
137 519
279 708
780 290
19 849
407 659
183 957
314 700
208 412
226 87
864 960
783 74
913 105
485 42
219 60
402 961
640 817
922 757
889 382
689 662
85 214
374 991
930 491
417 728
898 215
15 395
556 479
496 320
441 701
565 173
685 840
459 261
992 101
691 746
640 124
732 627
857 449
958 155
534 482
756 54
496 735
956 432
310 137
177 983
85 160
208 812
951 69
273 86
32 71
749 453
425 472
171 236
887 359
118 661
44 899
322 112
261 401
441 260
786 624
1000 229
111 446
313 371
663 936
1 904
374 457
780 580
585 542
214 264
672 859
125 750
766 738
681 115
628 337
877 292
424 687
764 974
885 665
559 118
182 762
376 210
411 494
867 207
748 77
289 749
966 737
715 201
475 134
203 61
111 262
79 264
338 732
208 494
764 205
49 237
786 939
416 834
184 787
576 928
781 329
116 771
639 90
172 237
282 480
230 436
833 744
565 488
144 385
131 352
862 170
592 117
438 296
205 552
50 984
114 410
62 999
44 967
985 426
767 363
767 166
396 884
473 126
379 631
666 704
153 947
334 39
32 635
311 111
247 329
391 100
266 344
233 176
434 246
145 311
933 342
470 424
801 385
319 265
558 648
995 46
776 804
889 106
930 336
856 296
709 138
806 477
430 613
466 488
140 309
181 289
734 329
550 874
221 117
810 377
266 358
152 217
44 466
650 181
581 245
231 497
433 442
70 355
738 341
93 496
845 278
332 431
207 781
206 831
887 849
610 98
869 763
659 635
660 160
670 113
773 399
574 496
944 921
974 287
247 141
84 529
782 168
13 96
685 205
787 287
258 398
332 988
642 914
867 822
810 209
150 91
704 494
501 727
173 346
76 54
892 437
741 392
108 484
469 698
127 919
743 238
607 409
476 141
169 933
775 701
464 359
349 845
727 708
449 469
323 514
88 72
638 591
567 831
25 980
135 451
474 471
610 680
865 400
898 958
530 977
22 496
81 596
652 901
333 12
615 478
528 576
393 318
530 297
159 57
663 16
524 259
293 477
810 73
277 469
370 55
152 947
890 507
156 414
86 859
148 17
472 603
750 306
199 472
822 948
675 731
593 21
976 155
298 500
742 950
728 321
28 634
730 934
103 872
695 185
132 128
751 635
19 873
520 77
576 122
558 371
337 736
780 921
196 283
486 446
861 23
944 74
993 164
114 991
150 737
285 523
943 58
196 989
175 731
144 176
291 502
913 821
384 349
356 698
557 346
317 448
373 227
350 710
375 771
301 668
317 823
492 912
539 417
809 888
966 769
278 469
619 9
64 603
193 195
526 191
782 496
253 41
951 381
281 389
813 703
221 416
601 948
484 792
145 30
837 796
322 106
346 236
869 272
845 246
368 198
651 785
974 490
197 110
279 988
963 714
378 374
531 113
645 38
659 69
143 476
181 649
737 744
973 18
573 525
775 849
550 87
707 122
138 994
468 859
231 649
958 977
469 569
132 840
131 960
150 986
369 268
65 17
600 516
55 780
416 176
327 18
678 77
898 98
330 983
111 371
920 139
99 347
420 566
706 967
528 481
339 146
523 702
381 350
642 936
554 659
77 656
116 925
669 385
743 69
547 294
30 542
501 171
159 958
163 209
291 484
537 905
147 798
496 204
11 761
281 753
49 860
319 105
378 224
99 138
968 448
513 814
92 643
953 39
24 344
882 610
957 792
851 269
445 398
670 132
784 536
360 698
752 679
714 98
860 197
327 291
534 217
20 908
115 6
460 128
226 31
136 363
581 210
675 990
913 188
878 474
405 952
383 738
951 170
267 916
775 822
633 730
990 643
111 163
114 197
496 648
223 112
100 432
964 790
180 947
933 98
680 902
553 152
479 81
402 299
313 201
666 345
25 343
560 326
437 551
375 592
564 406
638 78
52 162
696 187
640 756
864 331
147 517
739 936
44 863
620 867
797 866
541 792
193 327
32 414
178 149
144 696
823 178
697 717
682 639
633 330
849 531
353 153
975 546
119 476
676 487
284 695
929 881
604 259
433 961
587 128
79 36
139 945
882 819
349 205
42 186
996 597
917 730
544 995
689 59
266 643
28 550
853 888
250 490
415 939
400 69
404 533
741 812
761 102
707 530
999 87
431 875
416 197
568 962
441 752
608 36
827 680
907 212
314 774
741 957
43 998
544 796
445 497
928 699
338 558
175 535
987 942
505 809
509 233
384 376
565 527
21 296
741 526
354 256
619 987
680 888
409 526
637 749
854 93
984 492
142 386
553 121
292 491
202 546
593 210
388 892
689 60
926 878
104 33
742 175
784 835
24 683
417 814
279 935
237 326
591 500
664 387
650 250
390 539
501 714
104 763
147 661
512 247
533 569
997 222
609 342
812 77
581 516
564 424
156 150
491 413
17 885
896 512
400 149
199 799
883 429
574 595
848 206
294 753
48 348
392 858
82 705
943 236
800 305
964 764
380 625
72 162
253 296
346 122
660 661
631 98
814 264
686 251
63 59
266 283
333 224
895 569
150 146
534 992
495 274
98 304
99 162
48 10
784 516
784 969
775 888
751 320
893 197
991 507
479 525
758 839
856 502
139 728
130 352
821 306
985 872
923 46
705 89
588 885
793 990
276 566
6 989
373 758
120 924
251 129
234 178
144 129
159 923
515 361
55 623
543 499
701 622
515 893
242 64
156 632
565 942
673 59
966 73
950 760
183 849
438 475
196 273
276 991
579 30
209 799
358 290
670 74
219 479
165 481
930 328
866 708
975 90
756 950
83 872
744 110
83 210
249 139
999 96
473 909
640 313
145 448
329 291
130 971
75 771
630 480
547 853
171 474
908 875
695 459
980 969
825 348
954 210
864 897
996 189
848 843
347 481
929 764
491 669
944 484
125 401
319 590
783 341
378 707
859 723
79 906
932 240
932 653
879 203
755 345
442 811
242 188
615 587
658 282
391 808
675 795
585 812
512 220
237 556
999 665
939 578
335 341
279 488
7 679
49 31
766 380
986 325
161 275
786 307
879 583
311 460
520 326
359 393
461 874
299 749
70 627
547 249
221 564
976 820
538 291
370 420
186 809
717 197
850 679
136 478
36 892
103 849
604 109
452 130
964 304
193 185
955 672
978 800
691 372
608 744
689 998
311 298
835 749
32 782
984 859
565 539
202 210
256 401
754 884
928 567
782 580
554 122
528 622
191 798
586 316
253 347
678 228
898 221
313 30
247 410
791 394
5 582
465 925
483 458
374 186
854 977
451 277
752 769
486 236
1 936
469 527
592 858
510 709
748 170
338 364
919 123
297 851
561 977
11 614
174 54
105 493
969 603
489 590
562 57
74 305
909 81
865 538
220 938
903 423
740 795
219 579
157 769
564 327
654 58
964 569
603 235
587 558
72 444
648 954
114 897
903 308
212 168
653 83
857 991
514 991
966 348
952 16
156 357
352 876
478 305
930 468
82 83
182 741
873 191
505 552
543 27
144 237
919 453
976 261
405 181
864 344
906 842
689 74
593 606
784 925
758 224
54 531
862 959
169 945
39 618
425 479
137 83
174 168
8 436
315 971
784 497
417 693
992 666
58 321
55 785
866 191
544 754
135 274
931 619
395 825
372 517
766 401
522 57
503 795
70 259
55 108
864 830
578 138
762 671
366 841
869 35
524 53
653 513
929 246
852 394
381 94
114 107
398 537
938 935
153 656
394 238
277 419
333 945
959 973
156 289
721 870
877 180
553 262
381 933
310 245
25 272
685 610
282 820
997 336
598 699
196 850
965 108
250 982
161 334
931 363
524 942
420 154
920 216
974 399
152 66
637 466
928 168
871 385
142 918
307 264
71 458
240 336
701 445
198 84
23 92
817 462
374 368
284 163
71 101
697 769
921 834
23 262
850 359
372 763
672 886
655 790
515 13
861 350
989 106
75 514
331 329
404 1
707 872
669 673
585 312
781 295
620 337
929 540
492 842
413 111
510 519
183 799
958 76
281 48
300 244
265 481
391 666
838 998
603 440
814 112
16 195
94 239
867 658
365 176
847 860
38 342
922 894
44 241
82 60
928 617
817 909
250 333
145 303
988 613
378 15
845 44
242 694
996 966
615 201
226 306
652 314
873 488
670 610
213 322
801 497
562 383
452 237
219 234
560 112
38 504
629 112
867 551
830 377
780 995
413 811
103 963
806 296
681 212
369 245
751 651
663 267
95 270
353 379
787 298
845 289
796 102
174 891
13 636
821 805
182 203
761 270
418 122
556 444
847 656
974 264
252 383
135 195
565 288
938 488
609 500
628 478
739 574
953 53
796 767
186 846
339 739
836 227
780 522
562 736
450 728
821 12
660 337
901 572
898 474
330 782
263 300
319 851
512 787
801 635
493 914
34 20
874 123
381 758
310 841
55 885
198 101
439 112
564 546
445 795
622 971
783 923
56 947
933 511
739 288
692 897
503 433
445 607
870 95
319 122
579 801
966 706
53 453
771 263
772 117
965 106
24 331
979 453
850 43
996 94
594 300
428 546
175 86
89 401
676 883
660 917
862 244
801 257
354 288
701 853
168 126
185 627
941 988
682 46
156 865
732 595
233 543
676 53
3 188
186 466
402 587
662 96
370 522
114 983
557 193
373 527
82 812
893 500
378 375
694 433
144 788
680 46
273 488
418 289
260 533
258 749
29 807
975 392
381 849
854 843
319 99
506 614
68 673
879 462
492 904
382 268
828 702
533 713
652 666
247 477
619 727
969 618
346 325
86 238
383 216
224 87
620 790
24 524
43 303
208 947
838 110
249 220
931 90
782 529
446 316
253 402
91 59
700 816
661 566
510 183
223 229
561 831
810 31
720 717
837 15
654 719
166 67
864 43
255 724
292 511
333 651
350 679
205 341
793 476
632 809
172 418
852 23
616 336
179 555
196 40
104 989
143 341
952 741
447 358
168 180
659 100
758 201
585 212
781 499
124 730
360 699
132 960
143 15
334 454
827 832
865 245
24 531
131 857
82 249
654 904
689 490
390 107
773 577
909 399
486 31
654 920
75 725
783 833
894 717
573 429
333 467
338 469
228 308
618 291
275 259
124 440
24 889
252 863
199 704
543 210
114 655
781 639
6 458
120 154
780 275
438 940
853 747
633 827
762 345
589 115
203 463
518 49
349 559
615 841
851 840
138 805
485 63
692 185
344 39
398 430
879 355
664 699
58 195
193 618
135 453
727 736
156 846
332 625
595 220
434 693
959 657
737 641
486 228
58 178
496 305
849 229
152 435
119 912
906 100
357 779
839 255
566 26
696 101
645 148
557 293
534 51
369 312
686 61
889 431
229 321
711 648
127 412
689 306
293 74
919 863
186 577
939 5
247 819
615 838
310 648
285 415
663 192
147 525
386 815
273 543
592 51
365 264
601 919
910 305
604 356
253 882
568 295
932 435
679 204
857 44
99 141
570 102
943 198
208 823
482 458
483 424
337 597
376 163
445 732
578 139
533 994
901 986
382 220
720 760
185 54
292 431
166 517
721 495
625 210
579 985
302 400
88 337
380 746
987 306
36 430
837 301
223 315
777 720
906 820
626 1000
411 308
322 453
380 840
452 318
23 828
678 110
293 894
572 18
347 954
369 19
44 846
741 859
868 712
751 459
47 53
965 722
336 10
397 731
159 780
515 799
952 931
240 256
112 597
927 442
866 121
332 496
463 165
759 277
980 859
675 581
233 826
877 513
253 252
396 656
308 950
147 829
921 914
921 453
276 671
42 410
480 909
227 107
284 840
12 508
775 668
964 439
196 12
604 974
719 261
633 21
515 496
184 875
13 187
593 558
137 792
116 219
425 519
889 605
265 64
619 113
86 567
757 627
420 270
593 500
186 967
740 109
923 433
11 859
546 377
267 888
434 456
217 419
219 924
700 814
457 359
696 15
520 547
923 251
391 731
585 968
789 587
641 942
514 605
532 480
93 876
757 261
169 389
136 614
11 626
784 946
640 28
509 401
787 713
366 496
167 698
294 774
868 495
246 602
29 224
580 446
877 796
311 697
678 152
883 982
438 774
590 387
313 341
23 461
119 967
793 372
138 936
70 551
90 820
332 857
336 412
317 406
230 857
691 76
583 863
570 138
677 859
343 688
950 321
797 139
368 525
754 715
919 100
407 816
817 572
429 355
906 545
159 636
923 885
400 477
733 736
185 442
139 87
591 733
199 312
564 773
104 166
167 596
213 839
729 788
272 236
682 244
148 567
735 541
666 635
331 843
939 254
409 5
562 197
404 392
999 168
931 629
416 368
768 954
590 64
974 693
369 151
132 117
666 218
615 701
670 56
1000 271
34 285
783 621
877 386
734 704
273 284
356 122
332 538
645 967
975 320
995 715
329 858
60 846
339 111
429 295
639 152
533 449
954 77
990 306
611 484
630 256
978 183
246 596
579 578
708 476
356 713
620 366
30 693
552 622
417 698
678 705
312 389
58 700
898 961
42 111
868 215
554 894
279 480
562 252
800 947
358 27
180 847
452 980
165 355
865 482
683 295
404 791
865 715
561 21
817 10
194 872
657 971
982 623
489 700
564 924
521 798
313 577
352 191
978 31
762 784
228 31
726 959
517 341
411 407
932 804
955 245
75 970
99 193
562 100
856 122
786 959
892 975
7 981
646 693
543 566
42 72
563 316
470 540
333 597
245 216
959 655
889 746
504 403
396 315
683 686
862 73
497 871
459 508
669 487
32 819
437 592
817 921
586 48
70 667
64 933
751 398
769 271
737 212
185 577
248 784
119 752
707 35
246 367
127 431
182 453
695 969
644 109
385 459
42 462
996 502
777 324
41 677
780 426
140 534
734 492
610 198
611 566
685 355
794 567
282 736
930 918
565 771
545 46
945 641
693 872
166 495
822 201
560 224
20 646
93 984
976 724
224 606
560 915
672 348
999 997
136 698
28 504