1000 9886
285 81
547 802
570 129
402 783
935 443
649 278
501 707
601 557
983 431
768 164
626 168
377 775
609 990
591 730
685 609
857 452
473 467
274 228
493 206
815 455
229 566
912 878
164 715
772 266
316 926
744 961
726 601
948 203
236 165
406 651
853 82
178 874
978 620
240 63
635 390
140 434
160 336
605 546
218 714
576 808
259 4
451 812
282 222
283 267
914 520
291 772
623 911
97 213
885 116
334 746
497 374
1 495
546 854
810 699
940 766
893 570
271 126
503 946
1 280
540 498
651 450
139 182
604 290
141 540
549 495
864 415
349 345
244 433
409 924
682 678
487 751
560 791
764 559
68 118
784 335
589 404
238 322
82 342
267 808
627 142
617 100
692 658
836 386
328 697
972 706
336 100
174 254
927 634
472 548
234 591
570 165
789 645
816 813
604 900
652 107
792 446
449 421
603 196
308 488
809 581
223 255
445 145
210 89
859 495
679 184
208 731
463 573
564 72
431 83
17 507
182 991
952 170
316 785
562 537
180 769
236 24
283 232
956 865
227 295
265 582
875 371
412 659
911 763
257 726
919 220
633 837
209 993
359 435
60 12
482 986
196 604
838 39
790 218
115 548
757 157
690 102
895 634
974 918
352 417
71 100
334 369
634 315
953 665
718 411
23 975
82 137
600 502
659 853
913 559
257 3
166 989
210 229
732 98
55 463
96 132
685 84
751 311
788 291
682 746
632 165
371 955
559 956
722 79
488 253
788 402
747 461
837 587
125 873
767 654
534 613
336 64
547 762
772 541
510 780
313 208
96 704
416 199
76 17
886 518
852 658
980 656
198 516
243 689
669 981
742 693
302 550
627 864
30 625
325 655
255 706
592 206
460 406
248 884
29 423
144 607
30 220
571 984
244 736
173 732
360 744
636 910
178 818
805 407
199 904
421 961
135 672
601 82
395 575
982 721
72 640
269 90
199 793
233 955
76 394
246 220
947 235
72 751
439 401
17 146
573 125
390 897
136 608
1 422
361 239
760 459
353 907
728 873
33 885
268 244
334 333
600 291
633 844
433 85
253 771
949 545
110 615
92 54
956 902
186 191
331 954
225 403
372 294
103 406
859 732
343 487
418 26
349 562
72 393
190 505
215 30
205 36
693 379
246 944
691 805
893 151
472 621
716 688
449 323
945 582
858 161
731 85
751 926
717 218
795 474
133 57
659 161
773 233
155 654
835 288
138 592
929 955
549 626
859 422
972 127
674 977
119 303
569 253
921 445
445 74
644 120
203 408
577 139
423 663
675 770
748 180
236 96
112 94
899 842
238 754
520 53
95 303
65 328
1000 957
982 765
888 749
18 702
457 486
136 653
905 799
883 709
441 811
559 466
141 277
988 408
532 922
195 273
353 919
157 799
413 693
550 514
176 775
909 865
713 96
89 830
441 421
831 720
428 101
447 731
880 622
832 705
101 324
653 493
547 118
515 468
37 792
225 552
742 215
428 139
744 118
34 14
662 500
684 84
150 728
635 654
63 873
154 663
67 106
694 5
626 967
739 700
891 489
836 318
655 922
220 523
835 254
142 890
843 731
608 420
87 490
595 670
802 348
768 340
919 759
886 590
123 30
288 73
604 711
857 327
682 137
117 564
504 679
924 153
773 102
226 908
398 15
231 413
412 281
51 203
365 956
904 993
833 13
563 164
670 648
490 696
507 522
878 623
239 999
682 314
518 972
834 401
678 904
514 531
217 401
657 981
809 181
95 400
942 379
908 831
721 605
587 276
164 31
936 48
327 895
706 582
553 644
290 994
116 423
957 695
871 17
729 520
352 117
137 847
143 377
548 91
896 492
988 130
883 364
23 594
888 22
870 90
764 697
448 695
994 299
893 908
73 671
817 152
81 132
617 986
319 134
512 346
44 49
355 626
363 943
789 23
561 924
232 22
17 958
181 67
592 822
294 290
521 510
388 803
48 696
838 815
345 330
111 375
977 893
320 536
138 921
86 51
472 835
39 331
501 504
787 125
679 187
592 227
389 953
728 419
138 763
929 732
182 988
877 143
71 216
776 200
933 30
41 174
403 979
819 91
801 740
449 383
14 763
39 796
61 292
390 922
818 929
857 701
966 105
776 437
335 42
323 594
667 401
74 457
839 906
435 576
300 670
465 645
6 831
158 672
639 41
861 127
573 427
206 172
270 905
89 886
992 97
741 618
617 660
979 861
966 565
179 811
328 105
880 694
387 784
483 711
689 400
564 804
746 67
175 977
324 509
862 885
868 754
730 767
507 330
154 598
608 159
916 72
129 874
954 48
134 5
907 263
191 917
915 784
426 207
209 213
817 534
953 54
260 330
243 402
669 178
781 856
327 707
698 437
200 639
330 562
333 701
669 35
228 127
930 433
420 519
403 307
596 664
796 426
468 779
621 443
35 936
713 944
915 460
132 34
425 56
613 727
925 763
514 774
472 125
578 129
726 777
568 407
679 445
147 977
792 735
979 479
464 880
865 452
799 601
321 650
899 15
639 239
522 314
652 198
516 268
700 97
478 627
351 643
780 393
603 790
861 210
124 930
793 837
532 134
980 439
84 748
158 815
98 651
718 359
813 113
870 98
194 707
177 279
654 803
932 641
864 55
391 812
485 81
533 3
607 918
371 918
669 451
599 774
730 723
555 2
695 275
989 626
313 17
774 134
100 463
747 672
750 257
983 613
863 546
793 392
643 883
799 830
360 163
638 730
234 644
110 19
204 492
581 148
152 687
401 285
845 373
523 497
561 646
321 185
657 583
288 46
731 370
473 102
773 121
27 331
450 846
717 908
373 886
959 979
415 625
307 24
487 652
520 423
829 419
871 176
905 403
544 61
710 494
435 785
473 945
844 121
169 424
44 812
870 736
905 508
579 725
946 208
992 462
706 752
13 120
679 647
921 423
630 83
760 488
23 784
170 804
474 675
124 621
790 114
793 782
850 297
188 960
524 938
262 330
393 521
414 401
886 786
183 204
8 848
232 398
505 926
185 792
298 537
525 562
909 723
399 261
149 302
431 37
104 855
52 479
919 931
646 921
426 244
51 927
731 3
155 648
150 827
959 51
945 609
696 857
635 860
981 696
88 521
775 26
695 650
20 386
821 208
890 192
648 826
828 558
652 866
579 770
435 58
293 868
256 647
131 277
667 359
815 295
28 187
710 194
900 487
706 306
446 519
911 250
838 287
514 609
677 147
164 314
992 683
19 537
244 584
83 330
815 5
302 168
31 554
162 839
538 410
867 330
763 429
197 463
316 90
62 699
600 254
771 21
385 439
225 143
813 262
829 94
836 953
729 527
197 225
964 224
715 620
100 292
135 175
301 67
514 84
733 64
778 780
850 156
244 435
29 601
121 775
140 726
939 729
457 942
974 197
542 905
175 828
508 367
91 433
564 752
323 66
620 724
289 982
471 458
897 151
826 55
954 992
883 58
920 48
481 329
896 41
695 347
953 168
551 824
788 222
946 292
635 907
119 282
29 14
216 555
214 10
769 767
739 953
665 574
759 298
544 697
747 918
735 461
293 378
419 947
527 568
925 357
817 804
892 248
164 745
170 390
996 990
673 357
723 894
127 482
492 29
208 620
173 758
724 45
360 695
658 2
108 461
348 636
790 527
94 136
892 956
814 385
249 225
660 978
326 47
754 554
669 563
658 804
491 253
629 319
866 963
335 388
945 464
411 476
433 132
72 853
865 153
496 740
627 324
639 91
519 523
701 868
279 434
84 858
676 38
552 492
58 381
150 325
872 841
27 522
14 820
202 572
991 892
319 455
548 207
202 911
64 932
51 906
177 379
890 919
584 10
876 850
453 687
55 751
210 404
232 228
693 281
125 871
562 201
437 91
77 964
492 445
937 728
989 783
919 856
425 396
812 264
112 545
216 519
859 303
544 709
480 855
85 299
748 541
731 361
888 450
174 459
664 350
497 435
227 155
402 96
15 864
345 71
865 648
627 601
170 378
762 752
999 765
229 733
325 542
576 426
777 291
523 771
303 43
566 849
326 504
455 284
269 587
64 183
657 166
365 559
349 170
574 317
278 238
890 126
123 517
515 913
753 654
681 441
478 481
836 723
853 731
351 73
808 52
116 361
547 401
112 496
776 545
172 346
335 190
27 633
375 343
513 434
646 630
952 427
816 333
944 274
482 689
943 556
128 847
914 866
41 381
339 409
649 213
78 118
86 55
337 200
581 869
141 772
181 375
293 877
258 992
940 4
172 158
163 933
699 855
132 572
760 871
523 133
637 63
950 324
439 705
333 382
211 798
255 829
294 363
298 435
316 663
247 393
764 21
233 587
643 870
318 204
359 928
621 269
626 101
147 996
442 988
913 365
416 963
166 147
114 672
83 595
926 396
697 679
388 312
467 353
257 739
94 64
728 186
469 420
680 829
810 416
316 57
687 26
746 546
191 875
505 496
537 179
658 876
738 222
187 332
758 133
525 28
14 547
105 206
623 997
176 682
378 576
144 392
680 234
220 163
883 485
452 421
427 635
162 740
749 864
805 606
55 19
167 629
828 273
390 284
380 680
477 992
950 151
533 181
152 208
286 127
894 272
664 171
967 294
725 782
416 436
125 190
200 331
418 286
590 88
369 372
774 99
958 924
100 412
228 169
473 310
988 492
975 919
392 268
945 608
526 382
604 931
203 890
739 924
618 182
315 872
134 492
543 576
802 346
152 571
193 615
104 276
51 303
454 984
365 179
37 275
960 637
491 357
147 881
843 493
277 659
334 860
834 380
748 154
539 826
605 277
256 934
614 823
563 215
670 793
784 728
644 892
886 443
728 5
884 648
226 462
615 808
672 732
468 159
876 276
643 77
519 550
757 55
80 919
83 24
581 766
488 712
141 392
684 609
338 54
966 700
110 690
805 626
576 262
81 984
478 403
376 236
451 250
896 413
915 683
438 20
671 869
352 447
34 454
984 922
396 568
932 730
702 752
24 503
423 465
811 527
443 511
285 272
899 259
106 351
159 491
931 258
884 354
560 104
284 899
964 218
233 848
161 147
107 827
95 638
375 798
485 330
165 512
159 521
107 581
517 999
749 908
962 342
156 257
326 379
220 920
498 854
760 637
318 53
543 548
927 645
930 427
40 649
226 844
636 135
394 764
986 882
380 453
423 909
561 414
501 375
763 12
247 151
434 272
142 225
36 556
221 632
661 779
683 847
647 808
838 745
996 660
549 874
967 15
518 543
939 630
14 334
771 433
274 651
758 35
304 586
446 917
799 139
857 786
596 737
913 992
478 266
10 820
410 106
487 72
793 683
866 947
142 68
407 651
879 697
712 565
32 647
26 975
736 427
771 252
130 236
956 160
758 892
887 25
338 139
874 361
475 302
24 646
633 134
600 627
567 143
736 94
736 137
524 194
784 287
641 442
737 273
6 788
723 354
835 585
859 432
176 47
964 24
91 617
600 646
452 347
271 769
698 31
183 469
258 908
371 813
523 152
893 240
986 274
732 306
381 476
666 6
581 563
473 366
823 538
402 850
403 87
691 1000
708 842
433 631
133 83
13 573
964 611
749 243
700 985
445 178
964 754
895 686
142 82
242 454
691 311
433 539
855 632
14 8
477 754
688 835
139 841
342 516
420 886
351 862
942 727
1000 580
892 594
469 399
814 517
273 156
93 307
459 681
278 239
993 552
373 35
501 30
670 707
891 682
490 257
576 130
350 301
176 560
620 187
838 6
966 75
418 597
255 144
934 565
3 213
887 975
619 117
487 509
715 678
457 186
735 555
496 912
262 477
267 425
550 628
319 405
67 706
72 174
14 785
823 5
914 867
244 500
600 580
974 650
197 986
112 814
21 108
59 809
722 43
637 476
837 266
91 504
418 136
370 145
152 100
64 816
926 48
52 453
180 690
401 699
826 236
755 62
725 986
769 260
772 621
60 847
690 830
989 786
848 394
206 612
47 544
195 757
56 77
612 66
86 121
471 561
40 577
437 705
740 494
393 363
880 281
626 501
57 982
645 189
740 381
338 749
321 985
194 329
549 849
71 13
553 278
19 398
278 425
61 23
999 162
374 70
446 627
529 301
843 205
923 85
140 281
586 313
734 113
188 13
5 577
444 231
905 627
893 598
667 873
257 908
974 563
421 657
903 525
357 531
838 98
651 646
409 300
97 62
480 162
387 686
761 23
763 704
429 23
392 214
665 814
225 977
261 878
797 812
433 51
249 724
70 410
2 922
98 563
787 454
210 25
999 51
505 924
310 675
419 460
96 335
578 863
686 402
394 50
675 159
162 54
820 217
974 393
890 972
300 328
525 897
513 89
399 180
663 504
4 580
901 722
851 559
484 12
940 675
604 781
733 687
347 284
226 583
262 435
101 755
462 639
643 820
39 327
976 59
703 56
150 936
553 517
601 930
488 357
310 674
561 672
963 724
964 699
682 116
386 601
778 675
230 880
108 340
164 582
91 686
978 878
226 907
52 819
532 517
256 776
114 596
597 89
196 838
982 685
530 98
808 320
934 768
921 615
870 642
856 76
231 380
567 742
550 496
364 291
746 519
377 216
201 265
457 16
282 77
656 178
914 630
221 72
831 787
391 65
373 317
157 736
857 576
306 454
749 946
240 590
738 453
560 557
119 751
488 600
380 606
418 895
76 839
242 603
850 154
104 520
304 122
642 142
224 929
906 875
15 533
56 602
988 931
863 817
278 573
194 952
694 996
508 79
471 437
363 310
826 468
816 850
485 329
215 944
933 741
555 191
276 820
522 12
871 668
65 943
657 739
114 604
388 189
890 565
82 918
599 159
359 922
711 449
358 811
142 964
406 585
687 552
89 195
399 360
406 568
868 371
796 496
781 612
645 245
518 653
777 261
687 782
65 491
675 846
639 513
160 257
515 665
197 585
957 20
83 763
1000 618
875 375
640 906
74 474
991 277
630 255
455 751
22 197
518 830
463 125
853 709
16 494
680 901
790 222
828 5
650 869
813 727
136 983
102 358
361 680
841 150
913 40
680 20
224 240
619 918
577 700
250 588
567 793
36 199
610 316
336 617
176 962
417 488
645 497
24 310
477 484
229 131
349 980
672 822
327 750
676 774
533 891
665 51
183 423
849 335
764 958
510 598
612 762
480 517
579 499
941 648
877 522
494 42
794 922
688 169
507 429
582 932
368 708
534 859
259 631
246 742
105 555
342 200
18 146
238 777
521 249
406 597
541 230
967 554
605 979
821 790
949 321
548 664
865 654
920 633
963 573
857 34
124 570
83 550
892 508
285 714
494 832
284 353
209 944
563 225
925 538
840 826
32 855
767 321
973 814
633 869
134 297
55 919
503 675
253 588
839 837
697 980
810 605
247 702
361 763
344 967
502 200
754 814
461 528
146 629
176 640
799 376
510 39
295 649
757 494
975 91
742 370
704 86
876 492
913 638
110 760
680 159
662 19
225 294
447 675
324 62
415 129
349 669
413 864
968 489
555 571
336 371
867 977
120 298
232 292
641 54
608 207
937 911
119 521
121 832
162 130
608 190
171 464
730 833
983 17
472 625
63 87
842 962
593 72
105 515
939 100
869 491
419 930
587 566
896 562
562 872
251 61
364 884
848 169
257 200
339 590
602 456
490 942
821 874
643 518
436 264
754 319
826 656
991 62
313 579
78 893
765 925
153 647
835 723
654 53
530 127
306 634
4 902
277 750
408 883
359 358
469 418
473 551
257 530
954 318
47 325
219 672
400 6
739 134
294 614
558 819
460 890
466 507
823 469
92 321
96 68
839 591
864 281
874 995
205 559
745 522
157 652
109 208
76 822
572 953
461 790
768 718
626 654
509 10
261 527
615 202
548 257
940 91
727 381
722 159
86 734
95 516
497 829
466 752
254 659
60 876
9 186
506 808
592 989
69 532
574 861
354 480
927 675
215 653
678 751
237 85
864 641
726 251
587 675
74 626
591 967
11 110
84 431
467 545
854 159
506 505
164 583
436 492
75 100
807 815
406 652
249 345
714 949
588 990
442 720
19 506
356 746
639 509
35 582
752 223
398 979
936 278
117 287
601 319
894 302
128 717
883 677
990 139
813 754
836 533
230 268
638 409
127 924
460 693
495 920
315 14
922 26
746 806
804 90
440 813
274 873
3 445
542 722
551 918
90 693
550 957
253 184
589 574
861 313
220 423
189 912
427 775
698 150
244 684
29 888
766 249
862 812
483 397
673 845
376 636
422 280
483 282
610 122
911 364
345 477
425 405
802 269
716 331
76 234
77 831
613 989
651 752
855 880
911 2
380 336
365 4
593 289
399 911
338 912
683 705
446 351
553 691
554 412
256 759
955 951
65 121
119 289
353 422
669 750
446 697
184 392
222 64
304 765
446 520
450 599
262 779
18 883
357 561
923 28
304 588
602 597
747 105
787 573
330 176
477 63
226 353
488 256
247 725
892 814
804 408
420 385
975 209
260 746
905 795
268 205
201 54
935 839
370 679
831 822
499 313
230 443
638 260
984 683
876 393
733 48
628 282
150 344
63 745
197 851
144 353
699 289
976 666
168 615
776 870
516 872
591 180
116 212
337 225
584 190
620 676
718 41
594 11
617 954
859 917
381 361
493 367
2 532
561 803
817 756
485 283
177 602
640 158
478 843
189 519
307 580
720 219
556 881
596 966
508 619
811 183
753 357
535 805
55 831
766 364
484 827
431 284
269 401
108 767
548 876
492 350
176 988
759 440
194 496
215 554
915 464
293 492
352 824
39 760
464 598
138 667
382 708
751 581
249 273
715 28
459 730
439 293
41 142
694 525
247 520
416 614
36 951
93 162
330 212
772 186
97 167
408 566
689 923
37 748
563 958
156 632
766 667
532 899
599 627
274 911
595 273
634 489
605 184
326 588
913 412
496 914
79 17
707 728
487 332
399 670
798 465
633 160
164 626
767 789
737 194
903 212
336 741
478 800
7 58
29 542
2 747
864 203
684 478
354 921
603 726
694 131
498 12
510 480
521 719
24 49
409 633
543 442
508 1
381 269
823 858
307 103
829 793
167 918
280 202
602 637
124 465
574 727
115 270
764 161
341 848
822 385
363 649
234 787
218 188
189 269
337 54
750 214
623 332
739 835
847 233
593 613
355 74
598 26
195 533
350 179
152 861
761 616
528 839
545 895
602 376
655 502
770 668
398 837
40 865
943 427
946 381
160 330
786 402
810 284
294 645
675 161
681 781
895 819
951 637
753 734
827 563
173 477
482 541
988 808
344 821
934 964
407 860
709 332
265 867
487 402
550 692
588 639
516 492
311 224
903 412
671 640
408 674
996 783
816 413
819 546
884 556
34 97
515 317
537 277
422 817
996 670
889 810
211 274
729 721
931 13
765 58
37 690
385 177
868 592
81 770
681 949
637 269
489 485
860 236
441 138
833 920
945 810
105 21
505 787
453 836
272 668
863 876
383 652
774 215
960 293
445 707
889 757
159 385
716 578
683 267
426 240
449 689
871 663
413 22
90 659
436 937
309 165
369 506
727 51
271 25
222 862
117 797
777 188
797 33
547 518
922 944
394 306
57 790
683 70
540 709
479 43
245 487
377 561
711 364
990 701
421 238
118 360
669 920
672 164
212 741
469 242
455 451
222 474
758 312
117 672
208 644
654 103
736 838
878 641
125 999
644 89
230 592
342 578
862 149
315 796
5 530
335 47
801 723
792 198
398 579
992 542
4 478
944 913
121 112
504 872
785 199
72 941
490 470
454 325
79 371
116 428
15 347
528 510
175 629
141 389
243 587
646 377
679 76
662 105
562 149
569 855
224 52
153 504
241 122
606 823
966 706
332 554
99 817
405 210
353 513
101 355
798 283
926 364
432 144
860 240
897 122
256 110
590 921
992 440
721 798
647 50
98 823
817 259
637 386
214 445
16 622
823 877
737 468
962 903
324 842
285 414
15 309
845 70
574 540
96 587
426 212
281 751
626 85
509 593
493 172
510 794
298 938
337 832
268 838
694 772
872 90
769 620
256 601
354 372
256 562
285 962
569 207
921 950
282 632
389 932
818 534
303 162
341 475
972 275
406 681
868 460
859 591
202 130
184 393
60 292
705 57
13 218
590 949
511 109
852 175
720 506
88 212
187 848
487 733
790 365
201 932
723 811
562 87
945 293
563 978
253 904
490 458
453 198
457 131
3 267
187 486
760 292
419 239
887 917
67 604
563 835
58 724
306 488
334 112
306 369
595 82
576 372
514 827
620 903
949 727
14 824
453 504
664 601
93 769
871 790
93 690
171 712
335 629
963 308
185 852
572 576
544 797
945 976
105 237
712 67
431 533
332 812
759 631
229 180
121 795
964 313
142 533
174 697
684 168
868 989
467 924
591 747
100 54
228 451
363 684
464 979
592 934
602 67
207 468
146 477
511 717
437 746
22 712
133 465
173 820
639 705
820 45
161 760
164 521
274 441
95 19
649 131
479 496
482 436
299 534
835 616
229 729
692 231
251 369
342 936
207 435
316 819
652 693
109 772
790 559
49 561
813 902
738 863
670 709
729 143
141 9
144 883
710 302
844 712
799 580
361 616
17 148
936 126
594 646
88 351
163 271
130 92
480 153
278 972
266 524
448 935
508 751
399 872
844 829
925 761
254 46
206 871
296 650
25 76
559 191
742 451
694 358
970 758
112 722
689 38
854 888
211 742
453 621
685 853
58 127
976 534
495 38
278 520
422 529
487 898
879 396
457 763
713 394
281 566
565 782
482 823
824 392
733 584
241 266
169 565
349 863
958 887
762 339
855 213
894 549
881 378
509 537
664 480
773 322
119 222
929 972
844 217
755 462
919 745
762 574
815 552
946 649
375 481
468 709
415 862
968 645
788 207
772 285
58 518
649 46
564 159
605 821
400 444
869 335
942 532
959 990
798 600
692 251
51 245
89 426
277 891
632 976
841 210
431 134
344 24
236 94
572 384
520 59
294 698
725 238
139 711
503 528
170 384
457 488
352 658
443 845
135 531
852 231
925 877
268 432
962 163
763 629
502 475
468 351
638 446
70 255
71 594
678 510
519 574
491 653
448 899
529 878
801 897
606 876
685 355
461 732
858 809
345 922
197 153
126 49
491 628
24 705
978 126
64 706
653 406
345 779
271 567
680 268
664 913
525 732
694 253
805 700
228 839
300 436
458 972
662 398
265 418
211 992
656 563
310 788
294 425
24 189
895 720
973 253
928 450
121 956
342 20
350 995
392 908
190 72
930 387
808 775
801 150
200 779
521 55
845 272
516 540
321 9
751 527
113 175
297 32
778 561
695 980
131 169
729 86
669 948
515 719
709 871
424 76
886 12
64 243
273 1000
965 659
527 956
710 675
457 388
644 888
297 339
417 886
344 786
896 422
537 549
176 763
177 150
31 823
301 387
421 515
332 528
40 260
365 934
408 269
500 947
948 987
989 241
537 496
443 277
245 609
904 521
384 165
259 343
196 74
197 927
668 828
371 932
387 843
954 81
652 742
77 74
993 577
116 912
389 350
138 222
678 61
358 637
145 807
242 26
115 344
152 462
488 422
531 714
215 845
655 885
837 882
159 666
273 735
493 60
773 154
786 791
569 93
830 84
407 509
501 450
956 538
630 417
170 387
557 789
319 550
303 173
144 618
465 731
667 326
3 715
972 355
747 587
852 825
230 637
50 463
624 936
115 510
299 856
692 977
162 868
986 690
239 886
739 342
264 622
26 151
559 35
619 252
35 351
40 487
850 456
971 754
303 598
197 63
714 107
842 164
774 705
615 985
470 904
3 411
580 391
852 364
805 530
257 4
721 607
314 95
603 607
486 369
215 301
822 511
806 976
465 201
534 419
152 157
903 26
465 42
449 941
896 236
436 733
439 986
544 933
120 384
248 482
441 50
6 42
134 255
418 785
200 391
917 515
663 856
214 353
850 705
834 730
510 683
508 812
802 444
826 310
941 935
428 766
820 776
769 734
726 182
768 39
77 919
721 342
5 405
800 931
584 602
78 868
677 372
114 38
181 613
420 995
277 870
591 520
888 843
977 654
728 987
924 435
763 157
415 552
326 509
535 747
100 178
379 720
999 990
911 170
549 923
410 141
387 408
179 794
127 112
681 444
481 70
249 994
308 813
439 453
61 435
987 717
577 714
444 428
432 492
620 853
491 907
419 246
115 807
64 743
708 304
841 913
906 863
158 928
215 305
319 375
929 391
56 533
312 511
134 72
7 218
764 989
506 957
68 964
437 9
76 511
115 355
336 404
405 476
417 53
566 361
74 891
996 30
824 231
408 277
132 238
621 264
307 832
414 676
695 813
221 922
479 70
943 343
624 643
531 81
199 71
381 800
937 362
829 332
65 39
304 857
375 262
639 629
36 608
259 387
133 486
835 724
657 244
434 167
892 276
772 195
277 747
706 347
601 880
908 786
938 184
396 126
825 341
291 784
165 823
166 592
60 51
995 760
942 465
583 289
715 745
89 918
890 353
37 606
387 547
561 348
581 145
193 880
802 606
409 848
913 607
111 710
662 50
236 138
244 421
941 9
10 445
907 185
563 555
747 326
414 411
931 15
825 528
278 676
498 280
816 253
466 826
283 784
345 699
253 2
951 193
702 729
751 372
846 88
508 39
882 340
129 852
350 710
388 935
880 408
669 338
882 167
845 49
82 403
85 396
894 582
18 311
994 604
651 713
468 619
910 326
161 325
882 905
267 239
259 688
207 782
378 344
105 736
434 190
324 774
421 236
665 838
879 378
144 527
910 772
476 684
347 732
350 173
9 891
765 958
808 989
950 784
92 915
865 405
238 657
187 641
792 797
297 193
795 78
221 289
464 830
343 770
1 709
457 395
297 338
719 712
154 493
317 911
283 259
305 847
987 791
783 598
988 452
53 949
184 700
386 8
83 430
672 721
987 644
71 561
974 110
480 66
586 138
698 960
537 326
922 136
679 517
528 15
876 567
628 432
831 765
84 546
345 870
492 915
620 454
220 418
760 87
723 333
7 124
783 572
493 503
572 702
709 706
577 784
4 488
360 436
486 436
592 527
756 306
261 258
945 677
341 564
177 563
659 403
401 647
328 673
42 371
439 663
427 183
403 62
920 980
812 290
869 479
446 96
986 93
626 196
518 468
646 153
63 505
502 779
656 845
786 788
489 940
697 769
833 343
355 55
639 815
414 764
700 929
807 895
810 33
276 645
406 572
463 517
389 930
201 622
734 640
317 64
744 692
332 549
187 572
259 475
672 416
786 472
435 314
297 317
249 84
452 607
538 504
921 496
996 462
478 271
825 63
552 180
537 512
654 442
828 1
841 154
439 61
387 746
7 301
270 993
253 887
296 268
133 24
201 132
88 453
202 727
980 410
234 68
276 289
353 690
619 65
340 936
699 99
936 623
422 974
650 677
350 936
129 242
901 628
195 81
659 574
628 217
703 777
937 422
617 72
928 557
91 177
350 909
764 152
121 906
267 554
491 937
334 444
99 747
234 826
437 327
664 309
721 196
78 587
852 666
355 962
337 563
302 703
116 42
568 209
255 613
381 682
956 584
955 871
133 239
541 226
543 916
105 696
234 988
496 235
313 555
722 825
209 650
964 782
344 399
752 316
610 950
256 837
55 98
178 810
17 104
554 145
294 668
982 745
221 377
226 145
148 365
193 472
302 234
585 974
303 791
383 453
60 479
4 400
943 871
433 218
406 567
73 523
865 191
575 808
616 791
690 2
814 798
241 994
245 262
27 639
608 886
662 23
538 97
701 755
832 846
157 597
416 412
16 891
477 647
105 703
421 828
124 665
419 583
200 198
163 986
896 348
883 75
941 343
245 890
640 206
324 367
567 317
3 946
479 909
775 208
906 1
670 62
124 492
270 424
368 518
898 701
263 253
189 552
926 327
377 824
267 598
170 743
591 713
260 277
354 472
778 342
388 218
195 760
587 554
713 891
811 418
61 735
319 667
378 325
985 347
984 175
90 369
809 645
386 590
77 597
61 816
83 1000
448 315
981 911
737 396
145 253
972 198
648 148
886 772
722 797
118 178
105 805
986 934
492 99
312 386
491 642
249 308
351 808
537 813
814 451
695 208
908 956
876 8
126 635
398 618
633 773
541 522
780 326
504 847
942 744
909 38
896 843
439 443
791 70
29 827
410 175
28 530
691 210
126 341
788 824
705 206
256 228
3 308
460 965
335 235
908 113
432 314
839 587
254 505
190 534
934 677
442 239
505 581
490 147
718 475
42 856
299 198
135 209
894 56
515 335
280 924
319 261
334 194
372 433
45 373
676 681
111 20
96 307
371 891
7 825
211 994
732 320
630 927
205 192
703 833
209 133
368 546
739 565
583 636
655 787
510 844
459 202
96 640
61 626
299 87
412 220
821 168
57 795
494 448
938 18
521 62
41 271
95 964
117 572
243 881
409 240
322 352
17 278
536 982
994 302
353 414
647 962
100 957
230 964
781 460
302 101
532 514
75 233
351 780
743 574
815 765
896 750
572 422
592 428
973 865
540 132
799 649
891 760
848 54
857 824
473 519
118 113
26 177
391 395
384 684
106 995
309 782
236 354
662 770
149 693
45 772
393 111
430 198
952 703
960 221
672 577
583 405
344 562
236 512
556 815
558 45
547 316
951 6
97 319
776 846
724 163
537 103
385 146
868 631
23 640
817 183
46 739
251 607
585 339
882 407
827 506
901 543
336 319
244 344
944 62
266 6
309 484
993 583
498 31
1 274
698 500
846 804
247 297
599 948
546 32
17 782
392 118
147 215
778 415
321 344
803 544
553 917
570 797
347 492
710 960
226 727
407 398
526 960
341 134
802 376
180 4
255 576
494 476
631 229
318 142
359 998
862 73
590 666
406 573
317 494
657 913
969 903
27 537
313 639
723 752
597 151
31 721
341 329
108 452
772 245
250 706
175 214
195 780
714 804
496 317
978 625
446 280
317 801
378 817
769 998
92 743
2 283
224 407
584 633
406 121
35 980
945 457
874 433
583 347
931 650
554 623
538 360
921 352
297 478
762 266
33 864
309 915
990 506
131 835
442 247
577 695
444 394
743 230
101 317
549 313
844 875
538 10
23 966
541 901
999 340
366 574
276 290
849 416
116 161
408 154
744 895
570 266
300 495
613 439
447 360
909 643
862 893
591 289
315 746
489 307
203 589
629 527
928 558
945 704
214 335
626 775
418 320
712 984
702 496
850 703
962 261
727 7
929 180
267 557
555 158
893 164
53 229
228 349
88 712
695 715
38 202
367 618
117 579
668 373
561 739
302 559
104 338
195 573
695 888
575 262
8 24
395 350
319 580
772 225
157 290
467 330
620 380
947 980
108 40
679 437
615 515
631 924
83 666
446 552
815 77
700 283
375 976
830 946
329 143
725 772
735 927
65 151
469 747
897 586
753 528
629 397
145 44
245 404
887 965
429 45
395 869
698 534
438 773
794 101
706 825
567 888
126 24
435 725
41 590
480 506
889 786
811 276
396 664
932 314
510 266
611 765
794 263
7 54
559 20
909 598
589 450
920 126
45 272
729 923
713 318
328 796
720 526
774 239
397 927
160 565
894 334
876 941
366 167
294 384
332 851
239 245
750 265
109 383
972 771
556 962
281 676
185 61
994 950
193 6
358 869
94 527
117 950
285 790
865 124
865 828
313 469
578 475
122 847
216 264
187 921
942 539
799 886
856 344
198 379
237 287
403 607
578 253
49 347
155 84
634 103
130 362
4 343
982 522
783 463
349 135
633 772
932 154
511 183
908 227
503 819
478 599
854 384
871 484
230 500
552 28
76 913
183 38
774 655
477 261
595 414
651 464
413 326
157 647
662 48
918 174
888 3
201 300
849 488
902 370
280 925
903 207
335 953
393 642
84 639
512 728
362 53
280 12
708 52
12 579
16 518
219 1
862 821
497 935
388 530
980 800
930 77
612 703
566 216
273 615
104 125
587 632
157 109
369 79
521 346
206 586
893 404
930 414
53 221
990 534
834 415
868 246
538 864
564 207
436 378
990 673
294 104
482 392
907 771
105 887
369 826
316 775
99 145
251 314
287 994
391 14
523 832
374 420
891 778
451 905
450 588
571 255
60 243
26 271
745 941
947 189
841 386
679 722
689 598
173 317
28 448
451 679
879 815
182 565
378 196
644 228
376 422
12 76
468 382
567 898
537 731
594 988
520 903
45 916
282 454
598 704
876 418
686 103
335 895
447 657
158 732
415 183
662 220
918 842
618 136
456 139
681 950
931 186
290 46
371 937
337 9
175 949
256 843
146 561
589 283
972 613
812 868
828 897
907 274
711 776
626 992
533 436
381 202
542 34
873 137
621 539
161 5
414 945
181 74
399 7
133 983
480 861
707 14
657 741
329 884
626 194
240 393
720 131
593 395
82 912
324 981
146 501
240 280
536 789
397 260
270 50
437 515
701 470
594 22
969 902
166 210
683 836
523 799
139 802
620 281
303 31
677 302
201 765
481 349
528 530
395 525
32 845
155 837
830 919
154 348
834 458
799 620
947 153
736 580
596 176
374 674
670 911
909 109
982 941
791 137
207 70
420 172
637 909
358 246
31 788
107 434
272 141
534 213
992 796
261 799
561 265
770 55
720 886
461 840
465 269
72 724
62 633
34 506
586 831
325 297
348 222
594 226
921 50
685 57
67 382
654 844
987 305
127 610
139 189
258 613
997 840
529 742
683 270
581 498
115 27
578 897
544 785
63 859
157 258
950 449
609 705
58 185
349 966
725 975
679 762
980 856
27 460
937 695
609 562
793 443
668 545
672 343
691 832
177 942
252 63
968 542
199 318
117 977
961 331
677 543
414 591
290 617
661 598
811 457
869 723
912 672
624 666
587 366
199 92
56 406
122 155
1 604
985 31
605 862
236 231
972 307
222 406
31 126
173 722
469 295
307 436
491 435
311 580
773 703
23 432
596 502
656 187
899 233
97 841
848 146
429 778
105 764
362 319
626 891
404 95
643 236
624 181
951 314
164 88
295 822
323 391
282 399
233 443
72 983
343 554
990 471
314 796
611 987
390 665
746 891
80 7
382 103
274 165
741 254
79 141
747 351
948 926
686 270
121 616
68 33
396 616
698 216
310 298
43 485
869 340
547 981
538 249
20 947
42 535
703 734
816 50
319 193
176 337
472 712
306 972
56 903
996 206
190 374
228 141
465 723
476 35
197 193
538 594
885 825
962 358
156 465
723 774
418 468
864 524
423 837
47 553
899 325
806 270
369 51
228 370
835 298
484 708
659 24
661 618
313 468
132 120
248 811
891 3
530 343
790 749
296 353
924 99
528 956
952 876
769 842
829 442
723 683
317 134
750 818
340 217
322 572
877 334
92 906
457 259
368 162
294 702
608 967
984 44
60 95
830 943
854 970
283 312
869 747
829 279
580 661
652 266
546 773
528 376
50 244
783 748
222 974
631 566
889 211
562 27
176 674
583 435
508 527
953 878
681 703
844 861
41 536
577 638
211 714
678 828
124 991
140 852
966 328
804 179
629 130
791 407
121 411
264 150
769 189
665 395
29 765
139 101
984 902
513 176
487 589
492 825
733 789
665 493
208 384
206 911
300 432
599 844
105 24
492 840
348 420
497 934
39 234
696 755
854 235
147 189
66 439
708 890
692 359
627 330
451 76
649 364
402 177
405 750
273 640
769 539
366 269
356 291
905 212
464 644
526 772
626 272
476 687
911 653
296 349
425 127
329 755
948 333
551 288
352 596
424 417
446 534
951 559
591 259
973 799
304 678
66 541
931 515
457 749
84 105
373 904
287 308
288 638
364 425
867 450
158 547
102 204
413 623
35 133
685 323
686 100
45 36
616 992
842 366
220 14
974 163
776 880
997 706
282 159
305 264
767 808
737 269
427 893
154 991
138 504
549 543
803 486
676 888
146 927
812 104
171 368
863 847
789 936
519 115
189 652
580 99
734 57
238 427
789 793
976 240
975 962
263 454
968 916
678 547
956 83
631 449
777 882
996 66
355 858
851 833
912 935
929 31
12 981
108 514
937 628
555 197
920 838
705 752
358 982
87 140
360 883
233 523
258 271
514 408
882 936
111 494
99 430
247 254
438 762
252 656
293 498
666 892
422 222
904 169
668 130
9 779
139 980
412 448
285 590
89 117
87 710
308 273
505 531
246 45
528 900
670 579
490 627
334 753
697 743
728 203
486 719
583 55
217 330
205 902
972 494
888 140
678 623
619 867
487 243
400 53
809 159
684 797
649 550
887 626
869 501
563 936
1 599
809 296
442 323
120 857
260 284
433 12
419 113
917 722
455 887
540 510
81 530
335 173
875 936
483 787
995 284
693 684
486 154
694 415
107 723
128 892
760 7
408 156
262 267
232 416
286 423
529 596
695 99
208 441
280 982
137 627
618 124
121 572
470 985
535 835
495 126
423 493
375 980
102 820
638 970
587 852
107 910
881 631
402 680
369 347
479 938
147 132
404 285
319 898
890 624
674 143
234 662
937 711
4 682
7 545
618 560
735 411
994 515
639 895
786 887
700 977
402 108
331 94
169 783
226 872
852 532
322 239
189 197
65 95
248 238
924 399
448 496
302 271
766 848
532 708
353 309
887 304
653 856
822 881
342 825
827 557
683 824
761 289
40 56
117 54
174 39
265 841
399 966
109 690
611 944
406 138
482 612
376 479
638 475
710 68
292 229
610 360
957 757
392 810
348 141
28 815
940 840
981 94
604 509
987 495
629 862
651 148
690 754
85 801
659 750
841 759
203 666
69 607
257 262
901 597
462 486
284 633
251 758
660 140
177 832
243 346
229 211
410 863
185 85
994 965
497 155
189 549
160 789
582 872
587 606
18 463
113 971
313 249
759 372
621 371
986 16
555 13
593 466
962 9
526 958
655 222
490 774
859 435
186 843
464 665
624 647
382 667
280 105
221 519
661 730
130 651
317 20
636 822
854 229
910 59
344 110
36 620
455 362
293 27
792 804
784 614
623 677
969 558
455 763
253 760
808 251
383 21
455 648
168 90
580 775
62 570
733 319
691 215
69 151
966 431
128 663
793 301
796 618
818 238
334 545
239 392
166 822
188 986
934 846
54 823
607 585
77 494
629 129
426 678
766 490
988 32
951 172
718 329
812 246
577 927
304 37
988 983
183 375
405 809
188 687
67 454
395 898
719 726
355 579
410 768
694 16
132 537
685 691
342 446
588 386
260 357
782 486
151 180
309 208
973 329
955 706
33 150
52 118
610 680
2 221
372 999
104 285
838 984
587 344
768 478
364 855
569 391
240 333
829 763
207 699
43 682
601 836
877 15
933 781
91 678
95 86
151 832
725 427
361 888
945 267
611 12
443 654
302 327
984 154
677 153
435 290
607 88
219 969
705 192
320 98
198 7
623 802
93 371
420 5
499 516
724 459
482 970
945 418
775 620
451 681
982 903
126 485
92 653
709 896
26 47
162 560
107 456
504 76
55 217
519 686
227 832
637 713
240 740
306 593
129 456
63 579
907 217
106 418
215 260
152 752
625 966
662 333
371 58
493 19
449 964
476 77
90 990
56 610
879 338
772 888
647 40
667 662
465 82
48 454
106 324
402 581
419 609
8 596
135 357
845 64
898 852
158 297
470 15
297 681
458 719
864 582
34 890
74 959
769 757
573 431
102 180
423 780
123 70
86 78
263 819
806 343
972 43
42 32
63 330
450 797
108 289
308 355
497 286
207 671
317 491
657 918
236 253
259 334
937 995
298 488
269 504
450 575
18 987
516 110
644 59
60 550
524 593
256 474
835 656
573 660
593 998
723 979
779 869
778 816
908 839
529 126
690 259
128 672
515 972
130 114
546 842
657 355
35 211
225 161
167 436
102 233
384 376
917 322
23 963
483 786
562 179
29 541
24 318
334 31
708 360
692 245
955 209
793 238
814 660
125 27
552 643
937 923
479 516
150 556
279 904
674 426
108 818
368 911
613 183
154 722
138 255
910 625
363 900
181 59
722 497
940 312
157 414
674 140
548 693
787 343
626 149
418 462
68 111
938 297
499 163
566 305
165 504
384 625
539 679
976 507
618 576
674 878
930 452
716 501
311 819
496 144
518 327
651 610
946 622
104 341
108 261
222 261
95 25
415 902
311 721
518 609
499 817
208 578
943 412
416 671
787 896
666 627
740 672
600 640
122 123
503 522
804 709
758 4
137 240
844 597
531 360
994 166
244 604
667 389
72 618
145 738
22 104
499 365
795 296
743 182
266 566
407 902
235 928
399 886
571 257
718 592
872 768
500 65
908 472
417 531
625 684
93 974
295 534
449 866
587 784
768 762
126 110
292 964
918 880
304 578
231 721
567 27
629 974
613 457
814 688
410 698
909 676
414 66
660 286
129 210
968 207
241 435
206 851
561 832
357 493
51 654
588 415
793 405
189 548
548 681
38 779
440 6
11 589
129 670
743 931
754 164
298 142
118 263
982 444
431 430
791 670
886 792
133 336
118 182
374 44
393 483
433 574
526 257
553 285
187 523
903 977
759 187
778 918
118 835
986 597
787 924
437 795
645 326
300 697
672 492
200 561
253 759
439 262
261 419
529 70
292 36
353 50
779 570
230 440
165 643
81 712
904 525
410 218
819 698
707 450
438 228
610 269
885 133
353 796
197 131
715 970
310 418
686 185
245 663
266 780
656 508
399 616
291 339
737 231
594 168
557 52
371 33
888 117
48 76
659 668
487 591
200 151
898 456
404 1
759 791
940 83
372 445
48 475
176 224
20 491
896 169
613 382
480 598
285 435
177 522
363 959
91 76
453 877
882 337
422 756
298 814
962 473
699 733
397 938
661 313
935 430
388 819
781 772
199 371
124 210
483 86
627 765
697 684
61 767
288 69
623 361
991 245
202 767
568 144
428 993
344 476
844 473
174 672
32 201
596 697
714 957
401 223
754 426
50 926
687 994
714 739
681 221
494 442
894 845
923 8
83 343
579 698
928 243
452 608
821 665
693 316
532 876
457 398
511 199
576 852
44 666
213 585
168 198
222 793
758 255
432 331
13 482
571 472
222 936
301 39
962 966
101 394
139 165
819 519
913 574
625 884
692 30
147 611
276 266
866 630
193 960
675 68
733 198
665 94
149 96
685 99
387 800
745 264
907 41
784 444
107 535
826 75
96 356
841 654
820 540
11 141
306 914
350 679
367 783
996 253
579 431
67 195
109 324
271 981
20 331
81 291
320 741
727 434
268 893
927 766
52 164
341 761
102 654
995 268
267 739
632 705
711 329
646 444
226 821
173 858
729 992
514 822
479 228
773 844
299 944
757 989
919 354
577 79
724 266
136 287
729 180
415 707
457 473
900 349
207 301
822 794
438 531
538 453
900 748
748 406
127 43
383 445
567 474
923 306
192 312
943 831
603 774
676 218
250 597
162 691
110 741
348 42
844 871
149 951
161 460
856 88
880 595
419 337
223 991
611 709
760 9
997 740
45 151
764 721
620 525
236 774
920 122
987 104
78 97
154 561
671 244
297 375
215 152
664 894
24 477
208 330
940 27
543 462
285 458
803 277
987 208
994 844
581 680
467 67
379 256
911 475
158 30
557 431
134 128
265 247
820 871
603 17
622 303
659 291
290 642
664 395
494 404
523 368
915 833
801 118
677 651
610 766
220 886
460 165
942 801
501 575
52 47
753 238
716 502
761 747
428 794
30 610
624 669
588 56
492 229
635 127
229 706
964 779
951 883
882 684
984 164
857 90
622 730
606 319
734 496
114 917
544 156
462 597
148 866
24 816
631 777
559 92
373 41
526 399
535 455
24 863
442 498
245 495
945 489
710 43
130 87
741 847
263 699
219 290
987 707
35 206
658 405
993 86
131 675
775 762
633 63
617 578
245 257
709 114
693 797
324 144
767 615
435 729
514 225
461 873
709 476
31 43
749 770
190 150
71 794
223 819
629 860
477 479
633 281
689 95
34 140
487 554
859 285
423 258
315 669
119 659
300 463
764 612
909 675
16 542
2 577
958 540
214 508
647 384
835 96
375 811
968 863
959 713
901 373
941 628
180 880
907 684
46 872
234 648
493 109
895 427
613 908
229 947
782 443
432 667
311 993
994 549
136 239
686 939
928 155
602 46
678 843
401 253
224 116
773 109
152 601
263 770
782 213
783 132
472 182
458 329
991 33
422 228
740 359
122 186
104 449
344 112
291 683
273 84
684 669
443 612
151 175
433 398
397 43
532 730
813 63
440 935
739 438
867 205
156 694
841 490
235 919
455 650
538 394
22 811
353 192
687 47
265 794
895 136
728 931
583 287
92 346
878 809
19 852
278 995
481 213
429 13
572 476
896 622
344 603
550 998
597 624
158 740
231 790
815 369
186 245
222 751
667 622
180 971
436 637
793 52
333 211
981 498
927 193
729 842
659 671
842 555
606 512
224 782
650 358
922 451
655 715
286 106
310 892
498 500
940 227
447 61
471 427
807 269
366 71
485 347
512 105
584 141
776 407
881 654
60 869
665 701
330 950
835 237
857 421
948 344
401 447
299 280
82 936
159 828
610 678
61 766
65 251
85 232
527 449
588 241
756 783
761 675
136 26
66 924
217 81
678 966
204 889
118 147
529 374
312 682
618 404
886 148
743 565
155 52
69 454
985 197
44 772
481 422
500 454
658 820
657 55
300 557
282 32
303 714
89 730
465 635
852 113
491 811
59 175
667 812
260 654
858 880
729 539
639 56
990 402
538 51
305 188
567 188
382 418
79 326
512 521
894 89
698 159
611 249
793 129
613 256
335 526
512 343
729 983
289 994
72 462
200 259
627 156
846 190
501 919
11 349
142 513
759 649
155 904
74 957
327 285
377 776
134 455
82 908
485 593
566 474
53 317
471 514
990 758
94 459
4 983
388 54
796 347
568 588
270 54
695 787
386 563
425 207
62 180
744 811
484 622
360 532
655 810
238 597
630 299
639 523
255 288
255 306
232 805
615 530
806 422
805 118
330 86
705 397
938 681
444 50
49 646
912 260
52 575
145 363
934 949
888 643
540 276
230 342
377 130
213 355
18 522
679 835
188 190
102 284
802 702
932 45
864 363
112 448
41 964
949 686
779 637
476 16
538 23
922 246
707 628
780 248
145 951
390 467
157 508
613 467
444 852
700 234
101 16
915 942
589 315
138 253
447 117
894 678
349 303
285 235
103 804
786 592
695 544
832 823
242 136
262 741
178 736
582 914
753 284
242 283
377 512
598 802
13 562
911 105
623 307
950 513
61 806
116 89
482 477
985 498
640 723
787 164
56 410
735 186
41 330
192 810
85 17
195 945
1 176
382 717
697 663
27 152
456 990
772 214
187 606
957 78
5 705
576 268
9 518
14 305
87 965
93 264
41 245
994 53
151 104
335 511
639 269
452 697
107 703
148 722
899 122
247 688
272 94
314 681
896 643
609 180
19 936
372 22
120 999
83 221
654 530
713 118
586 204
471 839
736 305
560 255
202 757
975 466
390 300
858 716
694 382
14 796
849 391
154 995
104 465
626 755
557 95
81 174
443 451
620 641
190 821
918 592
43 374
358 685
769 480
54 362
275 363
774 115
691 819
980 888
30 387
711 541
270 434
164 913
536 4
997 219
46 873
15 410
656 344
360 831
342 115
270 204
355 996
212 603
817 783
749 204
585 643
406 527
565 202
325 597
934 49
9 832
912 543
565 594
355 512
672 127
378 912
184 312
736 802
389 646
303 832
842 677
115 716
871 317
69 259
255 40
573 147
903 518
575 997
598 590
247 660
412 975
785 355
453 245
19 855
666 486
740 779
504 51
50 835
55 246
334 443
323 678
589 703
845 533
77 491
480 411
689 233
230 203
626 644
67 314
765 207
954 110
738 649
841 656
257 359
242 927
742 848
724 699
690 935
413 124
823 689
954 832
238 446
624 695
544 972
29 908
391 549
638 656
74 823
418 389
612 267
831 235
770 857
432 328
547 729
490 194
63 450
411 869
751 817
755 434
421 663
999 147
106 974
507 483
761 674
339 628
53 506
204 890
79 638
796 22
389 984
840 926
199 945
934 172
147 746
403 596
387 59
214 216
602 724
469 475
397 78
259 996
18 773
916 798
596 298
62 586
196 984
583 220
92 537
614 690
709 646
456 756
690 117
311 223
225 154
156 926
463 384
874 377
178 304
895 397
110 719
534 189
894 916
206 162
667 988
529 979
898 136
341 203
206 205
690 294
84 553
91 960
587 559
567 44
110 553
58 76
556 323
423 372
723 338
29 733
251 597
368 791
120 364
618 407
413 175
34 36
436 880
870 257
599 989
251 691
837 600
289 82
564 539
95 755
651 669
472 930
990 612
543 552
204 212
512 148
330 659
882 932
604 758
242 327
541 23
191 386
894 839
878 328
860 851
113 242
350 225
702 26
886 983
118 333
800 14
375 342
52 875
626 304
539 363
79 594
356 545
766 824
344 41
249 236
142 47
415 717
252 993
491 91
817 13
312 566
848 536
905 551
247 574
503 720
849 990
154 456
232 1000
502 488
116 282
335 56
376 455
226 962
651 398
15 815
913 655
161 690
131 589
600 453
50 922
469 932
475 228
279 679
943 652
432 38
634 598
978 209
154 575
893 930
481 733
493 468
258 529
209 37
708 9
747 549
756 120
901 654
115 399
890 779
618 282
727 172
837 572
472 608
876 982
366 124
656 962
115 316
703 903
815 825
617 194
729 744
237 241
510 831
333 734
262 730
333 180
32 311
379 96
204 77
649 424
99 353
597 482
523 451
372 430
342 199
574 914
367 624
705 833
667 505
91 626
844 396
352 818
422 254
136 467
429 31
923 781
881 145
57 567
173 717
710 508
235 796
917 830
440 302
672 451
250 346
273 136
404 726
889 472
121 70
527 888
745 761
282 25
602 942
649 727
67 914
893 514
250 516
359 170
897 765
898 46
224 151
701 667
461 662
989 639
562 195
224 461
552 437
336 576
524 11
903 665
399 529
58 405
497 595
408 252
165 930
743 952
747 483
713 343
91 327
633 392
137 659
10 227
319 383
727 338
74 38
94 949
702 692
801 647
108 957
379 433
560 44
998 402
730 852
983 42
702 406
797 418
856 994
103 843
364 585
915 171
312 84
755 296
698 726
264 983
946 815
412 247
290 535
221 865
355 999
66 78
985 348
549 611
380 402
327 117
874 426
598 16
265 348
880 242
696 24
56 439
202 450
562 577
194 349
433 563
530 227
363 318
881 189
553 247
277 755
173 578
340 85
531 420
539 113
724 435
852 232
25 302
162 932
457 96
370 771
334 670
923 335
671 741
340 299
225 125
26 70
339 245
782 418
349 468
863 758
447 635
875 884
397 576
681 563
44 354
689 232
447 712
875 773
715 813
183 371
254 956
916 167
918 637
208 276
531 584
789 768
915 854
882 223
446 76
450 19
26 802
627 766
20 400
63 338
179 369
237 475
593 323
242 435
246 427
47 814
658 385
199 35
863 456
908 633
203 437
977 718
139 240
755 166
877 301
688 918
726 690
732 699
612 770
666 729
706 550
196 616
303 724
469 572
623 927
754 794
168 201
784 192
519 533
780 71
273 951
393 416
625 986
755 537
737 38
700 174
28 787
72 131
555 862
538 928
576 275
996 676
634 521
231 645
827 386
985 830
826 86
917 125
998 376
232 359
429 322
422 644
797 328
252 233
396 787
902 13
869 118
946 917
319 917
143 155
214 605
77 931
354 552
854 357
826 796
178 272
648 998
762 524
100 235
946 759
12 929
90 385
623 281
950 571
476 874
937 392
20 436
955 851
887 148
427 474
229 602
692 102
956 888
754 235
846 747
212 435
467 454
194 274
89 120
860 963
114 541
226 931
8 242
610 797
259 451
853 503
835 660
783 412
967 403
480 688
937 68
558 916
448 183
822 793
161 790
83 485
943 843
446 785
529 3
857 654
434 841
218 976
775 514
410 238
129 270
862 296
663 457
760 302
79 6
10 539
569 776
325 386
185 535
150 343
320 991
7 442
373 406
548 494
988 117
725 166
24 258
427 719
12 682
36 425
534 440
920 380
206 89
232 308
216 985
582 468
404 840
555 600
438 380
918 586
674 422
413 178
720 424
662 697
890 776
797 300
564 585
855 90
656 628
911 292
593 230
752 97
523 228
247 266
861 769
674 136
289 238
588 454
402 839
631 732
123 137
752 711
753 274
700 895
815 542
742 714
393 233
35 968
489 880
769 582
809 657
61 345
96 830
964 743
714 542
329 628
243 814
815 380
339 559
981 100
269 360
933 193
627 980
154 22
411 251
451 950
364 185
771 267
539 231
723 514
143 205
834 441
639 446
435 286
516 221
499 595
211 199
466 730
198 67
403 112
735 888
26 240
942 450
856 191
29 203
154 614
6 673
120 890
743 178
121 167
448 945
340 647
732 932
988 315
369 77
166 783
405 461
254 416
563 824
374 930
768 591
453 305
720 840
262 345
547 253
663 438
789 152
150 482
98 915
139 295
999 379
233 104
721 707
668 974
871 397
546 302
401 805
241 550
25 997
730 674
768 907
73 977
55 203
539 968
354 654
100 510
553 820
826 352
77 922
542 124
945 630
674 172
379 158
44 344
497 111
960 833
189 401
137 46
599 234
161 432
824 240
130 801
556 735
649 459
414 685
570 591
256 539
810 94
494 415
43 837
835 417
326 308
852 932
229 739
492 91
455 353
259 394
406 367
731 655
511 94
938 2
494 872
409 426
445 316
265 910
602 609
939 359
472 326
525 189
808 143
354 139
940 628
936 211
790 146
760 503
207 4
264 242
310 311
628 310
97 442
831 883
392 896
597 637
374 910
272 346
385 29
991 789
44 246
281 220
390 270
29 582
824 882
767 818
341 575
625 989
447 2
902 373
997 825
907 1
945 982
970 611
245 949
871 929
673 453
845 482
437 195
845 198
890 977
135 380
307 747
474 120
863 998
385 473
650 71
526 722
376 666
358 990
52 349
669 766
860 436
254 671
574 766
77 958
333 276
6 378
468 525
643 803
860 555
557 517
393 208
146 392
972 60
954 531
743 963
906 414
888 903
624 585
146 27
990 680
882 785
332 306
891 37
32 94
605 879
648 184
886 888
619 607
981 28
341 445
866 236
593 620
387 61
282 781
709 610
378 946
288 406
300 665
778 793
32 538
841 276
978 679
581 346
619 155
50 146
396 490
789 397
496 582
903 501
672 601
233 373
113 423
72 821
35 139
272 311
680 180
789 510
633 244
525 276
837 2
720 784
183 176
974 165
847 217
999 748
816 259
505 986
876 703
751 445
202 922
370 488
154 985
727 420
341 729
12 399
765 449
115 687
349 586
722 228
831 474
869 147
816 97
615 371
896 137
546 922
121 772
251 693
358 619
380 23
720 348
385 549
349 876
65 521
137 388
431 558
252 89
895 135
698 367
57 93
683 497
230 692
119 235
212 959
87 265
592 949
792 279
661 289
173 948
778 34
142 672
285 806
380 356
70 77
496 733
890 425
47 860
450 790
809 709
190 844
946 470
658 482
770 680
623 510
75 60
978 839
479 278
49 985
601 212
92 985
473 841
572 467
166 292
151 208
227 342
198 213
425 895
62 612
171 893
1000 997
965 893
69 328
287 385
680 995
538 449
948 764
770 236
662 806
667 156
151 295
563 991
267 298
178 323
605 168
610 715
979 15
361 292
571 361
221 208
684 712
131 728
443 218
524 97
49 71
172 395
947 487
158 946
340 945
108 583
145 837
24 434
997 881
910 856
914 676
183 442
358 644
752 907
436 854
823 842
699 856
846 153
157 723
522 243
186 997
924 547
399 151
266 437
252 14
608 286
313 118
90 64
163 660
375 97
68 543
9 113
167 341
902 776
706 137
89 185
813 109
72 890
437 767
902 923
375 470
801 340
341 19
71 884
220 82
226 981
545 879
605 855
352 931
596 398
389 542
619 551
231 469
416 660
898 845
878 580
535 765
437 770
773 696
192 971
174 847
465 349
849 943
921 554
939 721
409 382
376 263
653 931
166 546
396 35
435 575
705 429
889 56
187 213
266 563
598 656
893 512
766 278
642 438
510 80
208 702
611 519
172 329
634 364
37 693
737 109
955 18
44 275
552 280
983 992
875 795
484 425
637 381
84 611
2 682
99 882
614 23
120 311
405 220
702 698
165 160
500 514
450 363
15 705
848 346
901 736
478 57
814 254
360 4
859 122
76 320
243 465
997 216
467 837
532 51
881 375
441 822
944 78
622 190
659 176
420 708
994 545
170 47
958 92
726 232
123 5
853 200
937 455
630 628
121 842
411 952
568 145
201 604
312 803
764 377
982 288
765 912
644 105
773 779
79 532
425 917
743 525
833 849
985 237
257 764
316 89
129 800
905 492
320 28
395 586
982 514
549 757
731 782
519 781
728 56
857 852
658 863
594 609
6 755
524 884
690 76
249 900
325 39
400 898
447 517
480 176
499 332
479 945
337 490
684 886
162 759
399 710
279 981
397 185
558 393
381 82
405 194
637 257
250 875
120 368
769 39
388 651
278 547
707 879
214 979
67 460
430 734
694 123
436 671
73 611
612 720
59 688
940 223
964 213
937 871
755 232
629 719
703 840
191 36
48 318
105 291
547 724
678 574
185 123
522 26
322 36
860 548
493 77
95 809
976 41
104 244
88 537
726 571
532 827
929 173
826 615
261 250
920 736
833 321
246 318
948 54
531 6
623 372
570 608
165 268
613 654
618 663
501 356
122 875
179 480
752 494
769 830
80 427
140 461
583 955
531 228
420 813
957 2
886 232
467 266
801 638
195 795
605 560
257 840
527 897
72 713
877 444
139 273
15 490
149 587
49 368
999 873
641 995
292 69
790 204
871 435
486 919
348 207
991 618
904 558
27 641
232 685
837 112
984 732
567 779
514 181
625 670
76 998
511 433
848 134
478 714
107 413
111 748
336 522
764 714
698 808
820 763
233 39
128 181
8 971
158 113
713 510
54 166
332 828
464 140
154 760
64 328
33 505
306 911
254 553
592 648
991 900
302 975
102 621
336 926
942 354
486 51
830 353
542 437
69 977
177 779
199 338
20 455
223 344
423 778
389 246
564 260
583 744
105 569
141 894
735 317
661 570
354 264
617 406
658 336
679 170
517 27
208 717
192 706
924 51
39 600
762 863
134 884
114 618
226 16
409 496
344 219
805 114
368 718
919 238
852 179
585 984
465 335
791 16
466 293
258 57
685 510
23 251
176 658
68 384
931 770
408 453
373 483
49 501
943 765
197 181
183 102
166 880
245 729
880 584
862 584
186 169
495 161
97 338
685 49
781 439
600 631
788 334
150 439
281 260
31 336
159 303
752 297
500 559
410 723
252 152
346 213
988 772
312 349
114 153
25 952
355 641
432 918
401 601
494 52
149 487
99 644
228 96
656 901
460 530
848 413
831 44
229 922
837 859
436 228
384 631
342 218
551 50
847 875
755 942
762 657
999 668
30 615
471 915
208 681
765 907
568 57
271 488
227 484
800 156
658 86
493 601
866 149
758 495
706 330
981 166
710 258
749 296
588 874
41 249
984 455
857 895
785 234
539 7
374 646
636 749
839 968
418 612
970 905
844 930
79 119
634 506
173 142
249 856
790 103
131 678
370 195
652 124
984 660
842 350
555 779
58 1000
188 956
789 996
162 323
436 614
262 16
993 843
776 783
870 19
85 953
876 640
175 320
699 153
884 139
798 351
216 951
158 62
380 890
717 277
310 149
389 266
10 113
219 429
555 471
746 438
252 19
551 867
932 999
47 757
333 366
798 904
270 289
627 374
731 824
891 317
86 25
824 242
470 228
274 239
845 356
320 593
29 375
674 908
270 67
86 251
17 288
403 45
915 507
425 11
688 655
801 480
394 822
499 236
791 773
848 965
961 250
959 595
920 806
753 438
54 481
65 350
193 257
714 869
277 609
886 431
670 956
361 560
641 902
568 674
595 331
443 950
5 963
409 202
283 673
202 307
760 505
867 575
740 823
597 650
429 8
141 404
629 25
900 967
941 237
140 844
125 266
722 580
916 274
376 224
707 961
104 682
366 878
37 822
774 305
962 561
447 427
195 130
883 49
835 322
979 514
96 444
113 123
707 140
929 154
200 458
418 385
556 927
631 501
208 53
480 842
137 511
863 646
76 244
403 412
612 390
5 48
148 385
561 576
263 760
929 996
158 470
821 198
716 420
8 507
764 440
490 324
865 830
460 377
557 805
969 770
449 200
749 61
342 893
146 168
866 379
887 467
339 745
784 554
490 519
838 566
183 552
972 371
807 850
506 237
514 590
383 161
740 614
118 950
411 338
700 468
126 492
3 141
447 761
799 401
927 364
50 144
676 172
725 995
743 244
772 429
396 379
418 799
943 281
24 698
732 250
970 675
37 712
775 846
558 426
537 413
33 557
840 139
464 564
98 857
565 519
159 330
343 441
901 517
725 833
300 396
682 469
160 519
12 536
90 840
608 133
559 794
284 696
270 511
698 506
755 199
620 582
363 814
779 15
346 16
994 900
540 536
209 360
122 6
891 372
488 289
271 801
61 684
998 699
86 65
568 192
218 377
420 541
755 402
243 678
825 320
846 7
630 445
425 50
687 686
190 882
999 712
527 81
952 189
311 714
919 267
482 20
878 391
178 829
398 782
130 696
937 56
792 725
740 651
390 878
763 378
937 73
369 575
190 575
784 820
32 969
142 386
511 225
867 409
50 37
336 826
515 66
20 620
828 395
425 876
704 153
709 408
534 93
992 132
888 469
300 195
443 339
474 762
862 585
921 57
978 58
542 587
907 250
198 994
876 669
182 42
111 880
849 303
632 73
392 696
395 319
570 387
224 715
685 978
910 969
397 778
627 127
498 57
858 297
108 952
222 479
741 92
466 682
569 427
492 430
259 983
460 76
319 102
906 370
789 263
638 575
647 306
548 771
626 31
754 40
798 847
655 194
7 915
397 718
402 100
540 770
835 454
469 204
566 554
159 896
364 918
757 665
193 26
855 520
259 907
255 332
187 996
153 692
388 309
134 849
196 894
554 132
496 452
267 581
999 978
122 555
60 76
999 255
232 953
908 733
875 209
537 632
641 554
804 418
683 61
24 980
991 540
853 603
286 436
704 422
277 159
758 936
779 757
192 393
913 623
326 964
241 872
348 4
831 681
414 427
785 565
56 707
76 702
276 456
480 821
580 382
301 779
253 114
91 347
60 642
21 124
719 853
99 884
556 767
564 778
712 29
90 913
573 784
647 260
583 397
954 937
647 510
665 971
688 245
926 179
103 758
507 489
768 61
510 716
497 147
744 76
161 452
933 686
96 767
209 432
962 238
302 887
912 999
342 116
329 827
646 348
830 393
613 775
834 980
198 599
53 368
1 711
156 127
673 323
360 962
547 292
686 704
499 869
69 603
680 752
136 322
657 224
30 866
668 173
113 408
5 544
923 37
190 612
213 973
3 566
701 104
60 80
304 514
817 913
549 52
399 957
92 673
657 964
151 504
779 563
89 625
828 476
280 602
830 694
836 951
853 639
303 530
987 549
804 85
922 365
684 515
723 95
983 529
384 295
684 658
571 945
278 711
690 319
699 55
910 871
106 473
586 975
128 171
846 53
594 136
977 442
888 235
135 488
794 125
492 833
608 250
94 917
521 533
774 193
40 908
890 988
615 473
695 321
419 730
295 119
618 350
232 45
56 795
772 561
890 702
998 525
358 940
397 564
989 718
73 812
252 638
96 667
924 779
797 51
569 76
184 46
954 542
7 758
599 376
994 690
59 876
759 118
905 195
912 737
531 121
382 703
535 577
717 606
619 592
454 235
244 555
340 6
554 860
244 602
503 715
269 51
770 916
420 13
370 976
939 795
979 278
317 899
585 947
308 890
94 882
774 839
88 7
425 546
639 81
324 357
590 559
535 122
281 99
290 437
84 848
196 266
785 467
783 888
302 494
883 464
653 353
447 667
180 774
641 316
515 263
645 904
794 581
756 96
722 80
867 905
357 251
842 585
882 394
242 813
115 9
544 783
409 658
836 472
257 326
21 293
632 268
850 831
134 12
11 339
765 48
507 288
626 790
4 552
243 282
149 452
621 529
784 894
741 136
337 690
359 821
719 411
790 977
938 204
117 963
83 847
669 44
986 208
553 183
899 571
287 288
752 445
952 207
972 178
921 896
114 646
646 439
691 298
733 646
175 469
313 644
758 278
491 449
894 573
562 660
502 195
94 9
645 391
939 758
961 850
800 336
395 916
162 889
288 548
201 965
588 727
804 448
666 313
739 325
278 67
960 22
374 696
212 195
819 477
787 699
349 118
581 315
901 649
12 106
231 118
198 766
141 330
296 263
174 139
211 506
512 973
129 435
351 723
279 589
232 538
879 664
70 292
149 33
442 29
418 733
125 418
62 89
676 645
38 682
148 94
774 254
711 849
569 712
452 436
419 517
565 110
209 169
300 256
836 466
584 395
240 596
472 613
401 607
474 63
599 109
26 845
786 586
90 79
164 970
419 214
939 104
122 604
689 145
659 153
532 137
863 729
789 550
192 514
543 788
949 288
782 316
437 764
911 497
765 604
797 789
523 599
658 374
673 422
303 231
967 188
422 243
596 538
887 485
299 516
982 283
695 994
437 926
730 222
596 393
258 514
122 16
576 659
914 234
808 377
776 151
943 21
305 673
692 779
514 567
734 394
314 593
614 748
808 151
607 297
26 252
118 878
247 654
2 101
330 342
918 447
776 580
780 436
432 266
231 922
359 161
628 154
911 969
864 269
839 744
2 903
644 180
137 948
176 926
763 818
713 201
403 734
798 306
451 165
324 445
327 782
77 291
152 198
910 46
106 373
509 856
896 350
607 899
881 393
802 243
161 249
741 761
976 802
426 271
523 183
462 705
545 339
263 496
871 671
379 293
825 963
78 401
780 811
489 566
398 280
755 835
635 837
262 699
917 99
530 427
803 997
109 406
644 423
312 968
151 593
82 846
164 716
181 682
679 159
477 515
42 224
320 450
709 872
895 637
329 532
536 966
834 247
527 136
236 61
754 446
458 195
830 891
845 806
981 245
503 625
587 98
398 967
681 233
676 468
26 292
2 295
684 847
791 997
563 122
946 78
623 902
476 257
622 685
850 498
795 415
282 70
301 426
781 96
79 663
879 909
421 529
523 69
886 335
945 159
469 408
737 29
993 139
975 15
813 416
816 396
528 16
767 169
880 515
413 117
345 789
556 341
149 89
333 204
483 675
889 932
29 755
267 162
803 500
396 518
590 908
827 490
195 132
909 704
290 112
953 304
152 81
889 515
155 818
245 802
570 213
377 57
307 751
584 447
919 972
742 144
189 751
745 824
392 431
873 154
177 915
677 874
126 476
682 944
156 271
928 464
359 784
604 909
411 891
564 291
857 479
295 849
42 53
652 958
100 835
962 98
51 257
803 878
848 133
653 548
566 531
736 998
80 430
759 230
688 685
30 972
967 21
611 55
443 665
541 448
355 373
658 156
515 829
648 410
170 578
273 423
499 527
995 690
852 9
220 938
819 448
433 141
309 786
400 82
628 624
40 505
601 618
22 185
478 431
193 533
690 111
139 511
614 406
325 238
173 212
508 549
126 204
774 614
767 715
174 161
672 972
749 818
976 686
900 820
957 933
63 586
708 381
176 934
374 793
612 913
371 5
927 162
486 470
414 115
306 680
876 857
826 194
613 154
100 291
622 424
324 683
785 943
200 409
458 869
938 427
574 670
934 90
869 450
229 867
123 224
105 429
248 911
749 253
567 973
365 244
111 496
994 740
284 126
587 383
833 211
320 266
873 690
186 226
199 2
166 201
151 895
264 321
981 60
620 268
969 540
972 401
97 969
518 525
856 394
198 201
58 980
38 358
80 680
692 935
162 886
161 809
291 838
12 362
994 155
980 90
304 459
527 535
804 392
6 702
591 957
32 681
224 129
119 835
281 126
27 622
980 312
339 176
965 44
162 715
96 75
3 393
408 375
122 144
339 289
207 599
419 345
681 526
131 621
698 203
366 949
441 354
8 795
832 541
11 144
506 824
582 457
604 49
385 379
777 553
305 321
923 999
59 765
318 282
582 747
198 828
829 886
96 614
81 502
997 160
998 635
821 466
915 149
916 442
369 435
58 846
545 1
17 680
324 828
477 574
960 536
100 795
947 770
38 81
494 631
591 911
668 248
464 582
743 557
179 477
142 211
218 637
207 491
942 634
340 200
4 359
83 678
49 586
16 285
624 962
2 320
3 41
810 443
62 516
196 542
896 892
502 462
741 887
577 766
780 581
31 253
16 74
988 304
145 618
130 222
432 987
685 368
98 586
137 810
789 982
796 655
841 50
126 4
171 519
120 93
673 729
600 423
287 933
21 9
386 406
353 745
176 110
818 437
345 681
732 83
555 554
646 647
557 88
25 895
67 468
675 149
898 620
884 261
449 564
911 406
287 616
881 521
238 510
384 921
262 926
449 677
525 796
270 437
73 901
486 871
664 64
424 997
497 145
993 756
820 835
488 492
877 878
894 596
57 153
810 604
268 829
547 538
976 464
522 836
463 674
264 940
462 787
928 147
640 263
768 460
308 445
613 662
961 477
47 784
319 543
639 746
269 310
786 224
736 987
473 235
221 541
45 796
692 202
462 634
706 404
978 779
892 529
827 722
726 680
231 330
503 737
808 229
511 42
187 736
39 835
922 885
207 237
654 292
571 582
329 87
336 885
583 507
547 465
469 994
235 173
257 771
738 348
151 363
837 279
126 209
509 311
610 258
168 497
813 415
228 641
870 208
343 557
366 531
98 961
671 918
286 176
34 313
508 480
769 138
875 994
922 344
289 877
162 469
936 532
96 337
868 727
757 495
98 803
251 575
455 5
517 734
275 287
93 636
669 435
335 675
893 213
234 562
4 566
849 23
703 884
209 240
484 62
831 887
512 984
113 796
246 528
963 936
603 81
531 812
440 43
702 263
85 271
88 541
911 57
172 269
990 685
773 73
652 782
981 950
639 654
770 705
56 345
938 923
144 908
678 73
862 250
682 388
611 54
804 218
740 658
27 89
450 576
382 927
313 840
443 777
151 56
542 521
946 224
123 609
421 128
516 146
420 15
313 953
156 118
689 578
800 421
16 500
880 243
364 412
370 801
64 480
766 707
359 155
469 695
763 671
417 609
605 240
791 351
906 551
768 524
70 500
608 971
383 631
794 464
266 242
728 596
588 572
381 114
556 314
573 628
315 364
814 646
16 975
497 541
972 522
202 790
96 381
64 987
802 201
162 104
692 215
834 598
617 94
968 816
417 30
860 486
424 814
707 109
768 231
751 124
327 140
354 546
933 612
19 28
276 949
351 403
333 475
250 78
290 601
298 188
907 970
341 122
436 290
899 586
223 122
522 751
446 735
515 634
455 407
478 76
596 631
264 322
505 242
857 69
86 401
877 378
834 431
982 735
966 176
658 129
736 737
109 929
425 866
815 53
984 495
179 783
24 844
204 714
960 104
491 98
273 455
365 857
580 720
468 422
733 494
92 282
534 225
130 251
991 586
98 679
504 114
832 166
126 233
399 661
292 859
916 110
480 491
989 624
103 267
106 125
171 683
747 508
361 73
548 251
591 135
538 817
99 861
444 209
140 629
537 255
708 112
855 483
813 615
72 274
327 586
147 288
208 210
975 570
228 157
581 671
693 373
826 342
648 682
702 509
774 30
831 219
919 69
104 18
825 22
916 443
609 959
313 234
503 877
134 264
707 470
307 532
893 511
459 129
705 681
9 114
797 249
473 29
260 69
925 341
433 703
256 676
976 275
632 853
544 439
378 21
161 633
458 173
204 953
292 119
982 648
118 844
967 476
1 893
255 478
153 554
463 781
165 947
738 87
581 507
47 435
919 895
952 553
945 480
909 133
572 65
280 577
656 236
141 364
35 249
236 558
684 538
847 126
633 198
637 534
908 466
362 84
571 136
901 791
98 570
10 392
618 165
118 767
366 999
404 128
462 442
813 356
529 850
298 542
443 475
584 203
627 264
94 956
883 89
918 616
43 366
850 882
869 214
210 469
966 804
860 319
938 465
3 928
557 377
393 988
600 996
930 438
555 344
721 112
466 42
225 865
708 778
410 981
951 506
570 887
985 336
43 925
753 304
384 599
636 107
963 749
436 152
803 884
274 122
792 451
714 572
587 262
1 959
769 981
957 136
298 263
105 345
691 356
805 468
56 301
169 114
316 231
910 177
696 381
420 133
209 898
545 616
144 847
603 516
130 494
809 712
5 958
377 209
890 504
951 765
849 799
131 1000
410 177
174 78
31 835
456 303
843 429
899 495
426 907
535 192
443 168
526 239
559 718
836 961
605 28
589 695
664 626
646 582
229 312
121 423
567 192
920 271
525 685
72 76
182 17
993 964
996 493
910 789
693 395
50 703
626 926
163 996
664 191
11 296
933 242
379 338
381 288
972 709
647 479
100 408
545 381
85 556
668 637
464 451
835 212
984 209
380 239
75 347
920 886
711 462
894 960
221 862
220 823
350 866
441 710
856 739
485 693
271 270
900 190
354 208
563 412
136 375
506 23
773 985
904 8
647 816
525 601
123 258
549 866
329 391
130 720
263 169
636 988
784 701
639 495
144 796
242 886
627 771
921 628
443 776
481 445
762 38
81 920
891 758
790 342
538 503
701 905
574 489
676 345
180 731
978 673
82 334
598 610
681 374
461 710
335 221
729 610
303 563
625 657
455 788
295 579
154 769
803 180
588 671
880 545
93 780
385 115
416 476
773 405
201 507
332 603
738 562
189 958
708 145
357 248
380 847
876 708
509 941
368 783
457 722
689 560
945 837
765 92
927 829
298 889
149 438
727 128
730 868
334 580
726 472
854 269
565 854
911 382
349 195
238 38
741 181
369 653
506 742
255 993
274 160
294 167
58 609
117 960
725 641
327 421
960 574
522 797
248 768
579 836
462 840
156 51
749 140
414 751
734 736
648 203
568 34
526 614
613 574
216 124
161 973
805 492
37 114
100 726
240 702
808 303
95 349
867 268
135 570
912 381
987 979
838 628
353 7
889 39
528 301
766 621
362 351
897 632
793 703
352 473
556 841
297 456
687 351
875 23
70 311
220 192
990 484
480 125
378 548
547 377
569 785
456 502
680 261
422 799
168 458
742 468
853 623
466 211
974 139
46 670
87 305
200 74
439 949
388 697
846 989
46 521
458 933
849 188
248 926
582 606
786 799
452 439
315 617
708 128
82 189
850 689
971 463
54 417
789 690
605 212
901 424
670 336
21 974
394 426
18 366
38 885
475 525
392 952
796 257
246 712
483 6
835 317
468 690
344 320
859 419
427 491
772 298
773 127
833 268
136 76
284 16
506 476
969 988
645 181
298 288
744 880
294 68
758 369
868 401
562 548
726 787
32 779
269 242
405 932
236 107
547 199
866 750
23 455
870 750
407 100
635 343
908 911
197 336
576 742
587 200
201 789
224 466
645 504
459 605
466 371
107 111
474 870
148 731
495 524
71 7
207 184
505 344
966 447
35 363
399 970
865 200
224 304
900 601
685 477
818 254
927 288
585 217
605 134
201 192
934 680
885 182
710 687
687 480
84 651
729 602
92 110
421 860
831 725
965 780
28 850
452 102
163 237
183 246
866 564
171 662
478 790
10 280
319 278
414 477
483 537
634 955
965 433
489 392
309 445
989 555
178 587
224 747
668 884
885 746
854 619
217 534
976 538
509 710
717 481
204 305
167 896
850 770
100 485
859 112
91 234
890 678
66 420
746 450
506 687
630 278
315 851
869 280
561 607
691 984
449 453
863 824
275 193
333 587
446 442
730 225
660 724
238 824
477 512
350 790
194 290
434 373
640 648
91 598
387 185
62 373
191 595
873 648
936 748
217 236
350 48
922 593
529 273
527 826
252 946
221 317
369 618
174 877
839 213
697 916
901 577
944 999
376 297
110 990
921 441
577 303
727 853
158 560
197 86
948 690
473 726
6 644
930 478
379 952
148 477
13 23
171 980
451 356
380 582
569 753
640 847
277 32
405 91
903 172
854 826
448 690
163 576
788 668
595 154
761 284
281 342
656 262
953 452
756 321
594 46
249 112
814 731
466 957
858 459
492 701
733 921
426 351
43 218
885 895
488 443
786 638
788 208
25 586
972 780
595 710
228 37
297 753
796 959
703 84
247 120
798 888
952 72
451 662
369 202
441 709
740 47
502 942
433 885
218 273
660 744
368 398
593 699
623 62
963 979
672 182
708 668
749 56
522 104
588 122
971 66
616 371
445 119
857 111
970 310
546 796
539 311
795 161
333 802
766 916
363 163
717 32
979 429
389 122
435 351
308 983
306 144
490 437
73 235
944 530
301 395
162 563
510 3
104 460
261 813
562 48
875 955
487 305
133 26
440 960
292 801
336 154
595 72
742 297
634 686
121 465
470 748
93 779
77 390
491 720
530 923
659 709
751 299
93 557
993 999
940 42
447 458
5 117
966 978
426 307
462 653
449 754
299 344
105 368
142 527
825 911
792 209
320 833
360 66
752 836
697 197
950 273
897 411
891 690
830 363
189 609
7 560
263 586
21 628
830 506
479 232
163 111
122 951
173 661
549 594
486 65
643 661
181 894
111 509
167 319
941 852
910 477
952 211
762 486
240 357
629 160
886 812
880 512
791 731
278 394
943 396
691 351
602 270
757 720
531 262
326 390
477 874
448 16
970 683
74 502
572 345
645 387
577 501
526 446
933 408
202 402
443 900
835 954
196 692
549 200
23 870
745 550
447 554
31 171
438 187
370 549
651 278
245 675
249 672
33 595
345 801
814 817
836 169
215 316
107 607
825 600
845 933
457 636
872 605
802 888
988 915
276 23
243 220
543 435
547 948
822 238
382 687
402 669
189 675
764 825
410 844
769 259
967 42
720 319
494 62
955 568
18 476
788 136
935 107
391 301
940 451
493 671
124 190
967 922
440 229
294 192
955 774
412 27
307 887
697 451
915 116
165 381
868 188
544 346
639 755
678 949
853 485
919 437
826 891
801 620
633 543
460 525
730 442
395 726
457 761
35 703
805 399
917 837
882 562
204 522
652 566
672 476
692 791
258 388
571 718
245 67
961 818
566 107
377 59
732 635
993 562
944 587
66 713
430 158
838 107
931 855
623 991
292 155
754 858
391 337
984 747
185 714
130 221
352 85
444 445
482 744
50 804
487 377
490 175
395 632
555 769
348 1
442 74
284 825
528 71
893 891
15 955
145 905
572 784
870 21
864 325
703 813
270 751
181 464
201 434
186 454
928 891
447 445
655 760
840 87
894 695
726 390
703 716
405 905
9 464
228 812
102 717
855 194
896 72
612 650
998 395
33 443
531 676
125 789
626 858
842 879
664 67
816 782
691 938
599 13
307 949
949 110
932 892
111 343
848 127
347 311
320 568
42 93
952 356
263 566
639 774
824 103
829 746
339 869
209 597
412 494
825 387
338 726
448 442
764 368
970 275
97 901
62 453
865 408
38 338
636 553
876 120
326 89
537 942
791 993
260 639
120 704
709 680
152 304
680 930
940 620
761 185
634 425
999 231
637 982
999 211
893 588
288 735
272 180
97 65
293 741
248 211
466 118
13 323
35 276
240 599
206 292
323 656
953 745
244 438
559 697
528 163
803 107
767 826
552 297
737 243
301 48
571 283
859 768
24 497
524 262
690 538
713 459
401 761
721 944
43 332
621 919
141 16
163 631
720 360
169 758
781 935
525 829
221 249
986 423
16 133
756 717
941 589
428 882
303 262
610 714
147 56
754 143
630 649
481 902
831 98
7 604
253 813
955 846
631 273
498 943
252 642
218 286
222 318
574 83
924 38
126 960
752 485
57 517
868 475
687 769
874 792
401 221
736 873
283 500
305 668
394 935
702 919
363 162
257 721
131 40
169 509
957 396
197 279
752 82
738 29
898 366
248 273
945 477
435 463
318 45
740 834
26 559
662 909
554 522
975 126
334 370
870 864
782 538
343 736
400 884
295 637
225 257
153 92
562 128
28 868
72 140
272 446
209 776
556 422
104 637
512 516
234 224
676 799
7 111
634 897
121 562
730 576
693 636
567 87
788 288
366 780
172 189
45 329
673 992
926 466
380 952
851 625
210 411
746 377
584 404
986 264
785 931
806 69
539 904
726 478
211 895
768 856
842 935
226 628
464 417
929 41
368 796
661 466
275 139
888 210
540 645
264 920
392 173
873 916
431 276
624 542
472 859
513 731
164 689
293 275
811 474
245 442
297 190
857 168
469 50
768 439
53 435
146 119
916 631
294 903
117 736
703 297
317 510
230 769
13 997
437 901
683 949
443 584
504 586
247 786
363 845
595 806
274 354
937 34
518 513
334 914
762 969
875 346
568 258
744 566
817 288
244 955
979 328
250 276
188 194
260 567
945 505
981 395
270 550
409 584
734 205
493 390
974 636
581 294
103 38
892 937
325 504
58 677
865 19
24 621
866 716
444 410
508 952
659 917
415 11
275 924
441 388
253 337
443 210
616 970
67 734
802 919
182 189
846 340
738 613
101 291
817 114
709 164
837 383
529 582
436 568
986 677
881 547
621 829
789 109
300 366
873 52
586 659
492 646
712 184
168 776
928 574
747 684
508 120
831 196
450 33
108 965
452 684
146 294
720 207
497 122
657 690
731 449
596 833
852 683
925 417
38 250
994 644
173 801
1000 269
599 319
982 429
578 118
27 228
100 918
564 5
783 293
1 961
682 456
226 92
522 529
505 147
179 78
861 630
717 754
847 519
438 924
575 532
544 168
640 891
606 186
364 193
628 918
24 828
570 264
444 233
376 271
378 414
805 224
368 364
370 789
666 358
279 281
443 778
359 79
839 961
681 291
480 172
353 914
463 477
304 378
140 976
681 332
644 576
477 305
965 12
180 852
179 699
399 746
948 885
872 924
449 893
253 155
935 629
949 563
296 524
465 491
266 236
124 680
106 495
487 606
111 914
89 917
189 996
697 104
745 204
267 778
914 670
452 262
751 354
275 263
883 90
830 259
299 253
500 522
389 239
677 992
198 540
853 560
512 409
416 302
346 35
239 620
384 780
242 80
426 155
158 31
329 307
102 556
320 654
670 201
431 351
345 154
534 776
4 771
761 802
687 526
826 570
574 948
647 952
639 662
217 65
329 543
38 113
705 980
572 949
85 58
950 794
113 257
443 624
578 205
924 481
411 222
838 283
408 840
80 741
905 532
818 815
288 498
610 77
991 344
265 774
250 332
527 986
885 277
736 539
519 922
187 341
852 600
121 217
286 523
16 27
628 648
979 94
28 658
468 473
641 697
989 73
679 909
153 71
942 193
15 873
257 33
137 987
484 486
379 664
931 33
759 28
116 233
154 970
674 261
555 522
404 22
736 918
449 635
609 681
388 354
495 452
688 56
559 783
472 691
894 666
627 61
789 790
919 971
850 740
778 25
909 256
678 566
537 964
133 995
775 436
214 246
821 22
713 693
164 783
865 910
807 103
890 555
302 661
266 167
431 371
233 536
649 824
990 518
368 305
631 272
917 270
506 419
189 404
114 668
99 48
194 260
485 771
40 930
125 147
354 94
246 464
908 627
936 380
420 853
249 231
703 490
501 142
250 142
178 227
766 924
93 468
591 286
115 693
313 957
153 912
942 400
376 327
946 111
527 574
126 279
831 271
598 609
941 699
9 554
384 507
168 322
442 289
262 508
712 671
123 816
822 708
235 282
554 666
407 594
301 171
193 802
68 330
909 940
469 432
901 876
495 149
58 994
871 597
920 362
278 596
48 101
926 320
281 557
919 507
22 800
612 621
349 577
778 219
889 564
67 400
86 668
971 710
509 795
495 472
833 761
135 347
493 263
39 191
372 644
526 695
102 613
588 468
186 576
544 594
136 584
402 1000
366 329
294 218
186 563
925 476
105 545
843 895
254 242
773 24
260 109
468 440
9 939
141 201
269 489
574 758
327 55
113 239
908 640
251 377
751 572
147 674
226 953
193 160
377 451
322 452
697 752
713 739
965 723
240 980
648 443
353 171
429 790
519 845
321 550
642 312
588 604
681 454
790 224
205 896
745 667
395 872
162 597
518 489
504 118
662 25
261 656
304 189
140 787
34 266
408 235
561 27
994 332
232 431
31 459
694 281
348 349
594 101
99 833
873 426
67 511
855 270
635 736
889 720
760 327
125 158
508 10
695 278
517 530
440 282
106 252
25 896
767 191
101 625
747 687
752 787
544 12
253 314
755 168
742 998
581 556
846 599
90 73
588 504
626 135
521 305
360 207
214 62
626 22
702 195
926 583
43 962
744 85
122 969
639 876
43 851
321 85
216 317
866 331
114 676
1 468
309 591
85 37
506 74
839 124
808 464
207 502
490 856
532 715
37 19
960 426
503 536
434 1
677 67
790 418
790 829
478 334
279 171
600 112
321 657
13 123
749 689
573 537
848 654
247 644
547 392
398 702
737 922
248 185
448 907
20 527
149 60
558 11
799 231
893 648
598 948
470 699
606 759
132 976
538 127
791 387
353 883
708 529
923 523
547 231
570 332
474 729
732 126
20 877
607 747
919 493
776 823
462 446
867 4
980 575
654 824
125 64
78 861
663 570
390 58
949 933
113 521
71 17
372 478
546 151
730 680
68 823
238 387
534 700
105 334
682 966
351 305
668 533
890 677
997 207
512 9
53 167
733 709
916 347
502 726
802 350
64 923
751 801
320 425
427 399
764 428
329 653
657 252
4 915
649 66
282 773
618 825
342 873
754 297
830 146
562 628
799 865
817 997
527 150
70 807
456 919
532 632
56 305
113 256
177 695
460 563
8 180
190 668
607 922
511 64
540 178
672 506
468 149
827 582
2 388
888 600
853 701
838 58
951 761
130 413
44 571
596 248
796 970
853 663
413 746
361 713
663 410
496 596
650 983
407 728
50 887
493 518
876 431
434 662
951 415
790 27
352 115
334 391
965 239
595 908
519 712
277 45
231 666
48 786
625 971
21 40
294 920
450 418
942 786
508 364
91 444
182 21
828 543
923 206
397 874
585 310
841 668
346 226
399 284
367 136
759 922
30 88
668 718
90 239
884 405
220 845
618 345
546 42
712 286
694 914
473 270
551 831
96 547
975 879
781 822
928 470
765 263
693 218
787 413
915 208
789 759
630 655
756 638
961 648
375 32
910 341
363 600
612 278
822 648
842 63
834 51
119 63
599 369
161 731
187 839
721 387
743 842
412 460
948 174
290 784
690 94
350 128
596 600
877 278
100 943
491 474
787 857
572 449
717 552
558 532
409 483
389 605
840 793
969 763
201 833
975 164
106 590
912 277
605 440
843 367
774 943
297 327
317 924
853 314
305 892
767 388
14 77
6 724
671 706
528 340
508 716
399 783
990 268
370 685
44 430
82 249
896 699
804 112
609 8
337 461
580 415
597 551
600 501
505 631
859 576
412 245
842 414
291 492
784 54
651 380
525 667
330 5
471 143
665 40
573 655
833 990
480 290
637 316
527 717
360 423
358 662
911 420
769 395
111 58
261 383
872 258
874 344
910 612
15 256
931 395
494 33
670 100
484 991
394 291
493 151
389 108
588 176
263 814
195 277
554 340
682 801
369 26
406 993
37 540
851 830
586 241
532 355
825 223
535 924
275 250
721 350
886 944
921 137
959 812
372 970
570 576
177 118
492 247
916 625
994 337
96 924
75 187
501 335
84 473
981 85
625 11
23 334
522 635
765 879
471 998
678 110
19 479
79 727
559 217
743 588
523 927
429 900
982 720
567 674
669 186
53 708
292 396
828 206
576 799
762 70
156 755
821 719
456 653
519 844
130 619
978 750
210 644
193 626
838 2
70 152
736 452
628 594
349 79
171 883
44 515
232 867
763 705
488 653
508 720
658 559
474 928
455 871
663 450
741 942
745 555
249 820
487 342
496 12
291 59
59 55
885 335
577 566
121 498
432 67
231 845
723 397
177 273
245 565
346 440
595 839
79 478
119 669
210 347
67 510
765 139
920 246
852 882
868 660
121 701
547 953
111 94
976 829
736 946
523 128
637 302
138 238
195 467
752 788
250 128
99 655
850 685
546 82
33 13
414 898
436 126
494 172
740 140
835 144
708 930
674 782
588 328
368 747
702 192
540 747
523 511
948 64
161 274
90 360
484 672
696 8
18 12
312 785
316 873
180 488
652 723
925 705
889 549
688 875
710 488
433 412
644 14
248 621
523 914
465 924
193 429
545 560
654 338
88 133
880 161
644 812
918 455
64 446
232 816
962 597
766 653
493 541
878 799
257 825
900 581
353 912
390 767
282 412
326 154
423 92
71 746
111 585
645 791
371 308
728 755
743 445
630 941
253 808
438 154
672 258
558 123
686 172
286 350
569 930
400 717
129 1
991 843
850 77
979 787
106 493
513 187
756 423
295 357
8 829
104 710
67 474
358 719
909 725
452 256
440 328
754 91
137 744
524 492
637 85
373 13
594 687
346 190
384 927
223 435
427 83
673 799
