1000 9893
893 188
128 404
494 217
721 107
323 130
323 647
162 934
195 348
656 986
159 697
826 486
422 421
759 324
229 933
623 245
261 253
811 407
463 680
464 762
684 999
398 61
42 294
425 225
653 1
122 861
284 188
644 204
402 211
762 813
464 536
179 63
752 331
495 581
496 393
902 671
514 611
52 678
109 979
285 194
94 57
26 50
374 473
601 395
17 202
180 424
97 868
114 826
823 300
84 172
606 39
831 44
940 623
966 390
14 568
956 129
186 633
153 212
745 594
895 412
149 896
387 535
483 970
597 514
429 400
158 726
578 545
589 690
720 815
538 80
318 920
375 729
406 979
606 611
20 770
903 57
855 320
881 973
552 699
78 171
804 381
429 104
211 518
968 139
868 39
2 567
354 822
267 953
555 298
186 315
232 21
177 916
159 524
588 434
881 696
904 497
674 199
949 79
332 71
791 350
389 152
910 346
397 701
76 124
259 676
332 470
523 519
180 804
319 680
146 14
995 255
152 899
907 991
22 628
648 163
965 199
498 652
100 936
50 325
930 737
127 369
681 189
455 318
22 999
494 672
244 563
481 327
979 448
545 926
397 65
292 361
790 504
814 498
455 604
539 41
387 452
425 665
144 92
762 146
283 279
352 306
682 62
140 11
45 169
334 935
318 858
858 887
162 702
828 367
709 60
185 624
42 811
372 194
788 695
710 670
510 368
332 41
438 364
797 683
889 570
492 113
251 846
440 495
833 616
523 244
686 672
334 884
394 288
858 205
53 109
570 185
76 130
920 808
543 654
61 675
887 251
134 433
801 212
431 273
216 937
414 577
273 851
665 901
941 848
981 995
147 512
434 422
15 199
878 341
330 791
39 765
242 459
169 88
407 377
907 849
587 816
387 245
351 204
781 285
757 956
554 169
882 522
494 700
960 320
210 611
155 238
487 141
473 967
793 608
335 489
805 201
663 255
984 356
509 407
862 389
154 76
193 738
503 965
666 35
686 38
637 524
837 90
710 984
414 293
783 932
242 532
918 245
33 599
909 974
698 867
220 483
103 406
140 668
920 328
663 528
617 770
638 104
327 947
627 217
812 61
741 353
245 882
765 123
752 902
732 356
493 344
973 78
307 556
824 386
309 70
347 319
454 714
389 62
291 865
46 863
621 749
911 345
234 647
151 446
683 470
497 127
745 795
412 224
214 60
750 98
255 896
574 780
521 128
578 339
282 660
527 414
839 344
968 671
672 131
288 156
995 55
833 176
778 531
568 451
759 167
192 855
588 781
955 650
73 185
245 222
616 478
405 319
670 831
490 727
133 986
623 773
165 957
594 737
866 26
114 791
922 792
260 903
675 608
62 862
74 121
499 716
761 161
64 447
118 870
102 347
602 947
681 288
909 255
832 948
410 214
16 65
953 864
382 10
859 214
455 842
480 30
616 922
710 964
586 254
929 833
974 889
353 881
693 29
229 270
709 244
90 580
471 193
537 387
965 299
508 330
474 342
590 952
224 881
31 318
328 783
292 682
893 725
241 419
95 536
556 30
63 675
371 736
320 798
872 347
108 917
848 484
481 781
788 615
467 846
393 87
394 504
893 300
713 670
413 592
436 83
494 329
497 27
209 431
925 17
963 834
506 283
414 526
329 802
716 442
578 439
652 914
869 660
63 301
104 274
341 75
482 499
834 92
35 927
697 332
991 22
481 713
544 489
31 757
777 99
22 984
919 330
776 44
778 902
999 920
791 588
683 527
633 680
279 88
616 570
654 188
325 778
148 789
710 857
559 1
598 489
122 286
451 700
503 879
168 218
116 304
614 531
653 385
72 950
330 370
267 367
586 131
496 933
580 421
603 972
555 865
245 615
928 957
290 166
556 333
703 526
889 940
379 522
932 728
147 384
719 816
99 923
120 350
836 124
159 370
819 838
760 365
598 169
920 47
923 932
998 472
67 70
967 683
251 786
613 64
838 815
753 325
221 807
63 790
402 18
590 451
169 103
327 966
100 843
673 501
280 30
437 572
22 666
886 965
389 953
356 428
753 48
290 814
916 974
193 377
443 544
479 294
27 161
959 1000
411 14
69 550
260 791
2 481
317 184
925 569
195 772
640 951
93 465
494 784
235 96
435 418
130 460
277 395
244 978
460 823
173 298
502 414
634 801
59 335
923 294
447 940
169 466
841 145
723 149
45 897
818 131
838 198
513 78
736 280
421 910
888 451
63 749
887 783
343 365
770 465
24 307
372 195
484 389
266 208
138 240
443 424
927 170
241 328
534 651
383 803
96 483
793 259
158 143
872 403
836 374
519 342
566 139
698 371
627 395
152 339
228 454
181 25
752 712
894 919
702 298
740 121
354 428
562 841
890 586
483 16
798 857
929 926
235 627
380 376
714 239
994 764
939 293
902 939
744 907
302 551
329 587
91 612
351 190
429 736
205 1000
436 472
347 783
791 726
27 141
855 751
731 933
537 840
826 979
496 466
963 525
244 903
981 294
197 503
783 528
400 39
576 128
188 222
886 493
778 435
763 594
641 964
781 848
575 803
335 14
709 509
729 471
220 222
93 72
386 360
962 907
158 401
192 423
176 796
582 148
106 213
159 109
749 893
823 154
859 292
422 785
59 73
921 89
813 480
390 307
852 378
11 938
729 753
713 212
178 640
418 936
455 209
663 674
617 880
101 303
393 638
195 183
987 179
453 755
366 812
537 192
840 424
370 147
99 377
394 227
381 369
113 755
76 449
848 362
719 665
63 197
87 195
297 700
699 965
348 71
820 887
255 818
869 494
947 620
267 686
380 301
547 284
655 212
899 542
691 681
846 589
873 517
857 136
749 106
492 213
169 142
529 988
282 951
28 87
490 562
181 639
576 607
128 915
946 321
174 352
454 40
827 718
369 576
278 282
761 326
465 769
597 40
377 77
279 70
908 705
434 565
762 88
433 380
326 129
117 4
374 471
301 445
377 175
32 606
550 688
338 194
608 684
326 931
862 753
480 31
335 147
743 54
690 446
853 978
529 772
590 671
171 639
11 982
585 61
159 214
56 717
509 13
291 422
793 40
558 488
395 452
125 93
343 394
645 137
291 311
42 627
964 589
764 628
581 858
395 341
259 655
988 844
147 468
445 711
279 959
694 255
676 862
756 327
397 799
891 488
466 757
159 554
734 870
21 725
816 771
47 597
599 8
871 743
855 226
324 634
472 15
424 636
481 893
815 592
912 977
506 280
280 7
375 462
982 82
523 863
74 631
971 207
649 71
136 110
35 864
888 782
5 372
833 147
28 187
341 428
144 690
481 313
423 698
355 320
175 53
166 408
494 885
705 202
944 782
355 465
156 646
505 28
862 32
679 730
918 374
919 43
271 822
447 826
670 939
514 387
572 141
258 69
888 714
235 165
308 799
286 696
266 987
504 66
348 115
900 970
409 403
172 289
699 403
269 108
702 913
993 243
300 125
102 670
837 418
902 358
885 438
758 684
82 453
311 465
253 44
418 67
96 361
3 743
294 513
120 351
233 960
767 519
200 279
213 558
629 546
704 647
158 144
90 234
935 456
574 536
176 511
327 664
368 599
935 89
437 438
425 400
797 864
809 570
423 794
780 751
485 383
366 288
77 659
363 811
630 778
956 541
721 384
908 664
928 38
56 353
477 751
463 940
728 339
196 809
221 746
38 480
385 593
892 589
201 838
454 112
516 11
875 75
4 295
553 10
993 339
830 638
67 826
361 537
892 787
240 650
224 271
44 538
905 790
130 52
306 285
220 251
115 983
744 255
505 651
602 795
969 52
272 292
164 670
7 324
804 194
625 795
577 984
172 404
138 993
555 733
3 690
902 322
323 423
882 384
989 508
969 19
564 724
86 656
550 560
687 831
932 588
292 739
314 295
851 628
263 418
985 554
108 847
96 595
411 805
797 459
765 439
18 498
42 508
351 266
722 394
910 645
638 526
640 441
532 255
739 981
132 269
117 969
173 935
838 923
182 286
548 865
623 303
43 891
989 977
521 251
479 103
173 824
635 245
446 372
251 140
269 485
142 77
420 919
338 776
216 212
126 891
492 1
776 695
208 584
374 101
855 750
714 974
1 873
274 351
38 268
39 989
135 674
246 163
429 897
302 369
732 766
218 640
274 750
76 879
412 608
229 316
102 58
857 664
396 44
861 160
224 299
954 222
852 421
883 300
343 530
658 554
970 1000
202 382
365 994
576 431
73 21
810 922
600 293
528 130
480 361
419 243
897 908
901 844
903 242
232 410
564 765
138 312
843 929
177 278
159 130
958 646
760 905
615 309
54 923
232 290
767 590
41 511
563 315
497 898
189 844
501 970
871 540
342 298
253 325
517 542
129 885
519 64
647 399
501 891
327 723
423 252
741 65
483 337
284 262
307 607
159 649
683 456
939 98
189 415
299 451
887 407
877 786
661 497
294 250
385 830
479 202
877 931
899 513
584 625
643 516
186 821
264 151
907 895
982 273
967 71
304 819
322 548
126 742
571 855
883 937
785 812
795 111
887 285
473 914
809 95
774 987
313 904
316 57
448 225
835 783
257 909
136 542
619 193
59 374
701 827
465 691
330 431
997 597
687 489
121 290
729 675
931 955
605 48
907 130
600 432
770 406
229 413
528 204
675 15
931 153
185 799
628 117
392 607
928 881
638 906
548 406
510 537
370 180
520 615
100 285
232 173
12 731
859 984
482 819
877 724
664 73
369 453
189 562
656 989
968 991
218 226
989 887
259 572
811 123
69 241
959 504
229 930
508 823
34 688
551 117
600 55
609 844
114 482
686 952
892 213
694 583
522 732
762 697
602 430
146 184
517 71
97 558
703 364
377 270
550 17
808 432
593 626
776 46
891 885
217 358
951 983
627 815
702 346
226 236
245 176
17 207
754 662
351 548
173 452
122 284
801 847
72 553
607 375
644 771
656 177
784 902
782 657
568 541
953 125
292 165
331 649
457 224
631 514
616 873
121 333
590 585
884 942
153 74
448 538
140 832
496 822
617 702
712 838
519 341
152 189
595 147
45 206
48 126
927 271
261 502
48 461
647 70
262 992
428 504
103 702
604 865
362 628
440 470
855 16
739 797
294 288
260 336
712 401
534 88
242 192
650 171
872 87
356 328
657 637
362 85
826 616
275 226
332 465
498 937
815 484
532 265
697 509
645 101
80 265
961 432
355 129
946 548
643 604
321 79
400 287
866 254
353 273
154 290
246 68
835 681
583 63
89 271
145 493
843 146
57 745
421 328
39 905
832 161
445 338
943 215
838 395
434 965
221 395
184 321
227 518
140 183
64 556
804 414
418 561
199 596
274 941
848 856
526 780
173 185
609 147
44 426
116 445
230 389
253 892
418 787
55 42
222 553
794 438
944 375
913 556
163 221
326 635
555 847
793 118
707 536
465 421
449 824
619 324
557 6
870 471
315 349
238 349
801 489
96 374
522 382
81 230
9 385
10 170
513 17
55 750
23 329
357 450
821 339
343 147
576 911
301 763
270 378
454 759
462 950
752 714
934 316
332 102
80 215
299 375
30 741
89 175
17 698
489 901
240 269
356 755
673 407
450 872
398 248
806 213
700 584
57 954
477 577
186 798
557 893
212 274
764 327
674 571
569 632
236 232
751 571
776 23
518 516
207 397
5 732
283 470
17 6
308 515
939 739
210 753
706 746
9 618
466 428
691 66
288 348
362 308
383 478
331 627
248 307
304 453
402 480
126 308
744 540
599 812
867 530
83 99
620 202
569 472
880 871
865 21
793 816
131 697
577 665
440 270
876 9
818 165
875 924
97 508
746 899
313 987
202 593
59 952
866 552
614 138
262 255
656 310
331 388
487 857
758 661
458 941
720 520
498 474
778 248
337 88
510 650
287 638
695 365
552 517
204 264
385 482
360 22
698 418
367 829
522 116
725 587
651 856
158 376
878 171
38 786
55 912
636 489
71 446
638 555
585 908
186 976
186 835
481 561
299 736
639 760
14 117
753 109
735 149
442 844
26 527
224 119
963 534
288 270
146 228
520 425
250 80
947 42
506 687
493 588
724 312
579 727
502 314
108 559
227 619
183 661
184 557
670 157
598 448
895 134
588 750
258 127
60 55
297 387
5 978
154 60
282 105
13 455
224 200
425 615
249 842
767 41
978 347
7 382
227 828
512 932
784 185
750 884
586 253
608 797
265 106
810 997
64 719
263 33
103 294
554 327
556 356
651 184
927 696
12 502
290 240
625 947
441 132
793 223
611 532
867 970
360 340
414 177
641 19
950 7
517 736
366 206
793 328
78 194
725 781
102 708
223 96
441 102
59 531
321 456
547 380
897 427
682 963
510 760
949 688
854 333
890 632
270 306
18 315
246 701
798 772
327 468
494 319
544 270
839 313
911 92
626 390
848 199
994 674
856 749
625 70
826 695
406 655
874 815
601 237
469 357
623 580
436 402
236 422
956 857
80 588
759 132
991 812
361 769
251 405
454 10
22 846
114 935
631 846
816 352
338 499
781 179
654 131
186 962
457 391
101 848
328 53
925 884
91 58
274 582
170 887
468 368
473 734
900 549
153 216
946 546
675 383
235 308
127 866
699 357
644 546
314 973
875 868
598 102
767 526
906 664
302 961
817 35
103 330
140 720
487 747
384 162
632 882
790 659
850 45
11 69
451 138
475 16
349 631
668 801
244 339
392 636
432 877
585 313
646 1000
24 103
450 321
661 229
313 79
955 520
59 575
787 307
170 211
809 912
150 965
119 668
218 199
130 869
424 434
6 260
243 326
787 17
950 559
402 17
848 225
441 717
460 287
942 879
62 452
427 534
213 433
920 541
246 443
1000 331
423 449
520 402
39 682
207 516
498 648
283 92
826 996
584 793
968 153
843 4
518 540
814 391
446 523
31 635
531 909
712 84
355 463
883 785
447 856
620 80
676 322
897 619
718 765
420 384
277 505
139 527
943 820
615 423
440 857
455 894
885 197
848 558
252 929
712 645
895 444
231 324
382 65
534 66
386 306
318 809
709 56
234 88
658 742
163 220
332 765
79 336
944 455
182 648
146 889
702 770
626 921
337 226
840 371
486 461
974 86
390 7
381 456
986 352
859 914
846 140
849 216
748 100
744 306
720 543
531 652
824 490
368 998
55 542
350 666
380 885
124 35
522 172
218 40
627 396
460 93
892 56
622 145
180 108
238 158
989 958
963 799
527 390
981 511
903 546
505 430
627 682
847 869
665 905
264 110
919 85
748 942
119 97
605 979
731 664
972 166
539 461
43 762
445 34
619 667
691 310
754 362
536 521
169 32
304 777
819 154
470 100
930 769
516 90
265 614
984 74
243 392
205 856
350 387
723 999
170 557
45 687
947 239
308 947
684 778
536 572
157 902
813 522
891 538
225 68
616 787
871 453
965 896
590 535
202 380
311 50
334 337
779 708
732 828
399 671
900 908
760 173
245 683
869 357
894 24
110 619
612 809
552 744
510 400
115 64
153 291
674 327
451 66
337 716
368 804
537 197
405 893
524 453
450 278
158 95
541 93
256 625
941 748
144 696
85 634
871 623
279 826
181 23
552 917
962 364
691 854
229 827
466 671
105 485
805 899
864 449
963 874
506 259
124 182
108 595
535 846
683 91
99 400
562 872
263 823
705 889
350 803
189 383
284 85
750 455
895 589
821 874
97 512
422 239
136 452
81 908
312 645
204 947
762 901
318 788
653 532
434 519
217 441
697 903
973 978
172 442
27 904
84 79
675 612
628 524
157 874
244 132
960 253
174 171
951 433
832 807
33 902
430 896
183 431
664 608
483 641
263 32
49 156
470 556
107 674
128 813
148 288
901 942
559 530
68 31
125 90
830 153
557 77
371 966
543 14
713 475
344 99
626 624
353 897
214 311
168 860
996 322
584 68
158 187
751 216
69 585
298 806
461 346
983 53
108 913
169 531
427 231
946 845
473 868
413 392
489 546
614 16
830 299
777 189
246 690
707 444
194 25
30 659
927 675
735 490
403 511
242 301
99 396
928 174
503 182
674 926
899 639
772 503
212 740
605 795
273 936
113 169
980 711
13 806
363 289
291 604
401 12
19 429
500 432
430 369
438 346
144 810
553 386
662 556
810 499
313 825
889 282
451 787
260 615
889 395
27 916
671 583
984 433
359 27
841 360
199 626
649 657
502 295
74 461
360 498
606 955
2 93
862 98
615 955
337 936
698 965
17 237
477 366
763 308
832 771
407 583
124 997
125 284
843 345
70 391
509 189
846 356
98 980
310 768
194 663
732 783
641 348
326 684
850 42
764 548
33 652
697 934
788 276
151 126
811 925
168 681
760 963
288 613
559 935
7 864
175 942
694 74
879 442
578 979
944 137
708 178
176 355
638 823
252 214
896 44
481 19
704 777
744 358
851 714
377 771
738 39
458 708
9 214
946 881
730 936
103 926
867 409
860 571
312 1
938 221
721 219
80 237
979 307
893 445
659 221
380 121
679 38
753 497
205 167
302 527
856 166
878 322
293 456
388 476
944 591
679 675
708 645
433 765
568 16
821 930
311 756
442 773
847 269
264 337
531 245
368 101
88 36
545 493
95 355
832 163
390 783
853 339
106 584
657 747
331 585
459 540
577 401
923 141
541 758
746 632
20 268
654 271
714 114
505 287
602 887
605 340
533 567
184 964
704 139
745 561
743 234
301 19
951 505
534 67
225 281
620 902
14 827
326 633
367 359
520 668
903 139
45 159
771 557
79 448
267 250
750 527
608 36
43 275
64 982
744 96
365 968
396 322
869 20
707 201
794 112
452 468
354 582
686 677
735 617
146 314
125 567
299 472
228 450
972 961
510 896
521 367
445 863
602 66
331 88
713 811
878 495
860 654
477 558
367 622
912 683
878 350
739 180
441 601
696 225
588 919
338 10
240 237
195 768
255 674
568 411
87 861
36 721
643 459
114 925
151 224
154 260
778 858
339 291
145 463
681 45
921 606
923 248
912 375
847 364
735 887
224 447
683 728
137 967
853 728
934 555
757 124
955 979
980 221
672 518
603 874
654 410
13 306
790 106
629 50
131 699
315 54
931 896
914 718
223 954
245 682
315 276
893 991
702 872
54 115
374 34
719 839
776 913
621 821
180 525
769 875
954 52
486 262
390 224
452 441
474 401
738 974
171 467
299 38
581 644
342 408
532 583
721 1
974 333
99 693
426 175
1000 200
91 777
347 419
560 272
761 480
785 192
20 490
846 570
834 117
144 545
472 174
308 348
679 383
916 531
939 402
672 247
247 857
692 250
216 179
53 512
645 204
593 523
614 959
506 196
383 129
409 477
799 680
586 295
273 382
391 426
583 150
253 623
325 162
993 408
574 431
596 227
121 197
156 604
128 657
520 999
922 7
12 3
639 28
932 124
145 614
629 22
685 356
139 128
837 57
819 546
900 329
41 678
194 805
925 943
965 133
767 777
583 215
405 190
870 2
600 546
250 871
39 240
20 987
737 351
955 256
884 154
171 273
806 740
985 837
915 622
147 472
722 156
9 479
341 530
436 826
533 404
256 160
560 478
723 944
290 323
328 530
627 470
989 707
302 820
65 961
998 531
47 355
290 690
869 270
337 757
307 813
769 512
55 871
114 481
976 460
833 373
742 743
640 275
825 281
274 113
796 494
299 718
435 62
623 935
147 882
296 344
867 3
632 892
100 946
982 304
105 796
878 641
458 244
421 448
557 980
448 34
305 623
843 235
365 611
222 244
631 840
887 738
9 599
841 414
540 312
248 510
896 852
490 327
296 916
560 705
351 694
796 961
288 744
990 283
663 403
442 262
316 318
374 548
672 590
583 408
162 660
328 148
542 235
495 776
33 929
15 881
624 422
897 856
275 988
707 545
120 133
581 24
712 841
966 706
842 500
684 279
427 774
712 984
146 930
347 47
827 505
958 605
20 950
617 989
984 780
785 813
55 647
815 941
279 991
105 130
731 261
381 309
309 8
972 760
3 905
926 153
293 516
845 471
485 624
208 36
542 73
726 314
284 329
511 447
911 116
18 285
610 707
517 885
722 565
263 745
983 318
125 530
38 171
601 813
263 894
621 466
882 830
756 795
423 628
905 205
264 195
636 241
605 894
347 806
425 80
524 17
252 633
914 148
697 732
130 679
682 392
706 274
834 351
363 157
491 96
53 745
184 632
23 1
481 458
363 42
771 451
40 87
421 710
259 247
563 933
549 218
18 530
457 50
867 507
923 317
627 552
451 556
520 302
879 948
817 87
296 77
214 797
736 285
957 583
465 265
83 166
410 442
986 900
605 117
2 832
577 988
643 581
426 519
633 485
45 303
16 571
555 622
815 976
599 889
410 719
33 280
91 14
512 733
846 146
538 707
794 617
355 661
797 342
802 76
452 469
826 326
171 7
143 245
190 791
312 175
323 939
518 35
790 610
155 523
854 395
801 125
967 936
492 456
958 181
127 379
601 920
506 348
930 458
885 977
442 964
739 806
119 24
462 313
94 112
270 10
753 70
627 605
355 190
781 390
998 916
469 170
976 144
769 874
493 724
369 974
977 655
924 434
231 416
982 376
880 478
994 74
425 989
45 540
487 139
348 755
829 124
481 470
475 958
887 264
732 617
968 163
187 292
973 957
316 384
889 66
947 286
144 17
73 141
866 850
943 970
663 475
278 959
465 740
391 244
124 959
438 177
353 879
615 83
140 779
34 258
605 594
400 728
978 45
153 892
430 580
20 960
77 305
228 931
689 439
581 510
954 53
584 42
696 612
180 701
223 633
977 13
807 193
668 521
405 605
263 531
747 913
670 938
626 191
430 79
639 215
940 437
587 552
224 828
589 452
157 999
816 634
691 630
564 232
878 392
514 711
94 411
222 364
829 732
189 381
156 106
506 483
554 85
114 732
151 801
975 241
255 381
660 537
990 992
602 744
531 300
382 624
395 593
322 41
52 632
364 489
22 784
313 908
153 935
634 40
67 873
601 289
683 296
18 715
936 90
828 88
903 526
748 487
474 796
54 270
371 553
154 91
527 751
768 360
610 371
131 662
23 924
533 562
410 323
816 200
628 339
335 783
599 594
858 728
250 757
936 918
775 903
229 409
768 895
54 92
917 82
777 743
614 4
707 866
840 65
621 588
475 934
438 302
370 176
243 130
372 550
465 140
56 116
57 458
845 161
792 19
24 189
872 321
229 204
623 28
91 231
842 917
898 643
556 939
812 317
447 234
820 848
589 45
351 334
378 488
818 907
809 594
627 759
919 525
647 546
991 983
749 184
368 413
167 505
540 885
743 862
818 627
911 974
398 183
825 393
404 790
477 646
723 722
853 91
670 611
271 476
305 164
30 877
70 942
861 593
494 437
757 864
9 598
32 913
126 401
933 501
581 451
792 426
923 745
457 21
793 723
465 514
340 326
850 120
145 688
935 861
75 563
763 654
323 525
268 186
201 233
11 920
999 427
432 435
659 980
606 731
609 85
537 496
828 305
727 573
788 679
236 804
789 202
348 366
594 146
722 95
278 577
700 574
690 641
272 570
508 356
521 693
388 612
888 250
543 492
730 741
451 28
604 206
767 514
806 662
685 779
105 129
951 241
534 592
539 934
993 690
264 648
296 267
17 409
665 656
119 273
781 814
450 126
20 316
901 469
212 548
104 229
748 566
158 454
640 321
968 590
573 730
212 651
722 244
288 107
277 977
26 723
868 382
9 775
818 535
394 843
777 266
688 859
982 349
70 891
753 955
656 650
300 756
781 323
430 403
382 904
516 240
614 727
904 786
687 105
746 219
526 425
987 963
161 799
623 827
260 581
581 423
781 37
909 112
303 737
733 364
535 26
595 375
903 598
157 253
785 307
163 483
55 177
771 224
554 752
867 587
318 861
118 723
747 225
585 158
292 852
455 776
24 650
443 192
283 955
89 888
276 288
629 894
477 481
794 293
500 300
337 342
618 225
909 564
745 1
595 179
387 790
906 778
603 716
902 57
327 964
661 36
775 197
537 238
422 600
844 520
215 115
536 434
185 196
257 343
367 180
760 848
792 915
824 493
254 605
208 114
975 986
155 925
998 585
306 254
398 307
403 91
77 848
7 549
527 274
86 998
124 173
312 31
129 703
702 300
152 712
634 113
898 688
288 24
398 77
955 868
321 64
565 237
179 350
507 893
312 893
166 104
313 548
450 663
108 415
717 627
991 84
387 250
800 504
415 552
753 935
458 13
62 395
464 886
763 266
784 661
456 550
320 85
139 555
140 192
896 878
144 131
877 399
999 188
528 424
32 679
127 854
93 66
766 765
124 952
31 156
896 571
144 304
110 767
970 868
497 714
135 242
581 78
549 416
384 254
607 766
322 999
768 660
254 777
182 58
93 661
945 129
979 748
230 405
301 936
626 587
953 265
872 784
561 252
108 793
237 955
868 867
266 419
506 556
324 765
422 294
722 472
834 830
392 277
29 64
161 456
509 536
293 731
960 840
155 534
265 122
61 783
950 635
437 348
66 118
290 910
536 826
352 855
648 772
423 942
227 57
655 67
490 941
622 914
312 793
421 89
5 282
92 792
109 854
790 601
900 9
80 612
298 423
847 240
842 362
411 204
899 179
402 393
921 655
338 842
458 269
339 798
859 389
677 74
914 364
762 98
466 359
286 650
322 707
966 24
89 756
932 152
680 945
370 779
956 6
169 332
667 221
705 258
616 739
183 237
785 362
861 159
808 21
81 725
176 687
528 404
801 896
306 478
272 210
611 569
776 706
63 722
135 833
118 539
893 671
451 372
789 324
284 836
370 636
854 810
581 34
255 702
764 350
586 840
758 602
172 89
889 921
29 736
984 899
234 302
919 505
208 397
461 117
153 316
907 103
11 170
73 707
56 261
699 793
65 22
897 318
882 340
246 919
755 71
674 72
802 117
551 311
347 272
885 527
65 967
981 721
87 338
556 245
259 547
924 823
854 432
638 587
213 177
649 504
872 143
782 316
584 515
665 838
959 876
817 899
895 610
855 299
316 773
51 208
549 881
991 486
627 901
298 411
950 5
505 181
433 432
217 361
491 390
455 739
60 917
277 527
761 356
335 313
653 868
840 885
567 738
148 796
899 60
732 435
847 658
459 629
279 198
357 674
696 375
93 232
790 310
844 539
529 184
322 854
10 639
709 447
793 475
842 272
165 525
576 492
25 410
264 545
762 459
874 129
992 92
337 361
638 201
822 272
326 675
699 71
703 567
595 150
744 294
745 261
928 803
46 738
160 669
911 816
976 991
724 609
450 298
141 839
996 210
264 570
794 48
547 889
307 764
768 122
536 454
666 298
726 457
836 281
584 498
758 92
143 163
371 626
318 431
907 766
412 176
51 624
512 238
531 826
844 147
422 299
557 626
228 440
782 361
391 521
933 963
725 578
63 334
835 481
89 199
786 167
539 840
109 252
623 566
114 658
5 449
672 194
377 700
804 967
91 654
679 257
247 771
64 816
655 296
605 749
606 350
311 614
477 794
98 81
923 96
673 130
249 235
585 577
692 803
621 131
917 898
985 656
903 691
500 476
544 583
663 352
126 434
587 140
571 515
352 347
351 519
980 85
374 684
72 586
163 277
541 868
447 981
892 920
435 585
314 890
428 751
211 494
84 864
340 714
14 911
571 350
440 972
438 171
98 516
447 651
999 462
413 999
810 953
488 967
880 685
55 455
407 388
831 614
228 905
376 892
234 358
257 293
155 894
137 735
634 775
672 597
46 617
256 251
702 608
958 974
851 634
88 412
696 569
694 964
219 484
350 909
845 104
521 434
981 778
212 859
764 152
454 744
337 674
781 849
381 569
501 564
392 88
801 236
549 582
55 7
683 128
132 154
501 421
609 663
235 761
821 220
146 106
511 860
902 573
17 479
680 553
832 484
544 40
374 127
856 490
866 159
398 232
691 472
586 270
680 839
614 752
65 277
891 673
396 91
455 568
974 728
97 164
525 242
704 123
723 201
64 474
597 736
783 831
291 85
618 231
336 954
903 458
372 8
732 824
261 646
160 429
279 605
375 744
113 168
999 498
103 313
93 867
836 157
49 197
888 196
137 618
870 500
750 558
275 756
578 999
513 112
931 449
424 873
82 681
910 585
897 322
563 353
594 268
80 785
108 568
327 350
127 557
593 76
759 379
523 409
462 919
891 291
640 411
470 418
416 106
662 599
424 677
243 661
318 75
527 23
821 886
422 227
808 474
757 537
294 809
800 174
69 487
929 526
507 614
990 113
593 921
601 438
586 290
201 768
532 844
13 209
575 622
724 436
123 551
976 894
240 889
36 822
66 733
451 601
657 422
822 632
914 163
295 728
685 464
577 719
207 60
135 819
622 490
348 410
914 670
898 59
58 332
849 219
637 552
286 308
953 383
415 208
71 882
789 323
516 197
59 106
253 642
949 165
185 944
153 402
50 570
452 250
471 78
710 178
605 983
705 132
239 210
132 760
858 347
760 939
157 347
765 166
858 504
513 35
971 811
627 189
440 337
538 662
885 765
46 929
86 722
604 155
647 489
893 125
402 772
497 130
522 21
400 14
398 488
91 790
293 766
460 805
774 66
119 188
372 647
342 133
950 580
790 937
77 744
464 755
30 550
414 641
591 963
902 618
317 458
778 453
925 267
658 390
491 347
782 107
471 833
421 124
5 381
230 964
506 116
14 453
677 267
1 826
994 385
499 997
445 471
622 196
530 95
456 528
516 30
95 267
795 65
9 596
767 261
325 242
734 86
23 111
581 449
519 911
171 805
575 787
814 185
907 741
876 274
520 902
889 233
283 544
656 198
928 542
549 261
205 577
828 348
187 76
794 92
905 989
33 934
486 248
804 213
646 560
573 496
277 51
940 789
872 995
708 265
563 518
949 609
987 466
55 482
618 26
765 217
498 892
407 410
998 321
544 708
487 263
367 146
923 956
197 703
551 928
272 778
293 944
593 234
96 63
462 158
981 515
871 691
808 967
915 877
953 34
224 69
892 17
159 644
950 689
613 827
989 853
630 645
5 46
479 251
427 340
5 447
321 122
673 397
70 607
934 500
203 122
611 329
26 721
668 128
330 843
807 719
188 381
355 276
605 748
239 914
812 522
916 837
95 222
408 768
117 306
870 720
965 740
979 440
385 922
249 700
202 99
995 674
390 914
563 934
72 587
434 846
328 469
515 971
130 119
236 180
227 925
231 125
845 705
718 625
850 345
887 918
139 380
267 387
784 119
90 738
179 591
453 340
435 761
404 872
996 706
120 53
984 606
749 802
626 265
76 864
614 224
31 472
736 290
521 838
849 305
603 718
604 61
769 16
920 228
603 144
523 1
972 648
202 872
367 182
861 728
686 574
703 592
654 916
158 247
513 900
767 689
21 677
258 825
121 905
73 390
678 585
953 62
699 558
919 849
833 528
209 350
726 325
136 312
195 287
858 69
824 205
165 507
699 671
539 674
997 414
946 736
536 880
167 306
902 931
192 678
941 839
375 399
760 964
221 549
27 276
568 48
74 281
311 724
626 632
304 782
692 145
291 536
274 342
44 832
425 962
140 371
14 300
763 509
766 524
678 326
3 74
98 340
376 366
84 935
162 656
840 541
92 378
371 437
614 467
945 326
362 208
565 747
572 35
81 632
814 96
747 207
456 484
439 229
277 250
353 876
12 377
129 51
202 603
442 42
622 198
667 575
281 360
671 95
799 42
33 735
840 217
204 309
335 658
687 475
160 710
717 286
681 792
335 763
85 660
896 872
910 991
747 523
324 360
797 311
817 473
176 478
826 345
459 336
389 37
673 250
655 830
605 501
925 4
873 979
603 150
513 642
555 11
829 616
542 279
216 409
308 425
915 387
807 945
702 89
523 582
145 252
646 384
27 240
869 601
467 505
13 829
730 305
490 570
752 345
134 839
636 939
31 681
153 831
734 488
869 827
835 871
982 522
396 233
574 688
199 756
516 202
701 82
139 508
49 715
212 129
675 619
328 414
680 947
149 656
904 614
689 955
463 48
926 952
818 97
770 220
537 767
166 673
443 44
581 270
692 681
783 786
92 461
2 997
168 261
41 537
727 677
582 232
548 40
537 281
520 713
704 358
603 996
745 414
25 501
897 993
76 680
577 921
797 584
748 370
375 636
233 67
538 868
813 222
926 391
270 619
707 724
245 861
416 459
659 633
767 760
289 44
532 88
932 786
826 381
424 981
976 162
831 236
281 640
897 478
426 30
708 904
110 449
506 288
983 278
882 903
759 463
433 963
502 860
527 453
584 517
314 902
791 560
385 908
84 436
545 174
907 986
53 511
170 317
632 896
583 963
269 183
398 805
848 936
867 148
209 866
502 233
171 630
839 234
203 268
111 750
84 249
927 991
714 144
734 87
274 561
499 514
939 801
891 616
72 592
912 762
862 443
990 140
921 395
500 152
874 493
620 249
567 898
179 965
970 984
499 288
410 307
908 22
931 975
899 365
166 860
81 576
577 603
721 676
272 335
898 143
21 204
262 302
745 378
676 1000
327 844
58 67
958 417
928 805
858 554
25 811
41 445
251 719
817 999
785 801
992 299
462 643
928 515
285 410
158 152
417 2
436 794
55 560
739 15
298 775
618 332
290 355
988 590
609 903
702 420
959 95
731 404
329 884
75 328
114 430
756 577
705 753
531 941
882 939
60 595
40 825
544 288
503 145
363 482
452 302
646 441
640 610
571 950
364 968
888 818
763 242
985 172
445 510
74 373
737 531
113 473
387 16
989 110
249 233
678 179
35 610
334 562
339 984
566 957
182 614
607 195
17 31
648 282
886 414
915 920
164 36
940 581
232 882
638 446
624 972
733 410
525 203
851 83
727 764
380 521
183 671
490 89
254 54
201 138
718 481
402 662
645 853
906 727
173 84
819 542
822 323
426 624
598 974
474 356
786 727
767 646
134 99
232 349
586 608
399 325
536 437
348 403
57 497
299 49
615 495
851 564
399 234
258 822
265 242
897 405
590 266
958 814
685 526
579 404
708 945
146 326
207 851
216 446
808 706
540 777
948 957
446 380
928 235
52 979
179 940
230 818
928 90
53 567
381 906
661 808
442 802
705 104
647 773
657 781
851 677
496 459
302 377
100 941
622 582
1 658
917 932
593 972
892 865
287 380
121 253
98 341
727 930
47 284
451 639
88 291
992 841
685 490
153 233
960 151
762 303
269 643
489 527
617 605
31 153
384 322
612 832
495 844
277 249
760 179
951 73
789 158
258 726
847 136
975 327
651 149
447 318
28 972
290 231
328 910
737 310
721 713
336 361
284 969
293 789
501 978
587 881
750 671
988 784
57 434
185 229
367 213
65 591
707 168
103 767
91 159
719 529
757 478
9 128
877 889
694 849
933 679
381 618
113 980
106 199
43 929
794 875
780 107
428 733
468 594
955 788
303 256
360 842
127 815
234 943
697 461
346 741
387 633
31 990
754 177
4 931
833 285
62 249
579 785
263 834
412 408
805 351
950 920
717 899
60 394
388 401
708 730
142 160
914 73
473 783
627 938
360 907
61 16
189 91
173 566
504 627
657 233
969 559
53 700
239 981
757 904
335 294
710 374
876 10
539 122
120 690
727 977
430 57
70 96
662 868
847 296
279 300
652 266
356 929
947 382
825 362
790 152
412 866
253 160
737 7
794 70
372 110
513 406
253 829
608 788
612 868
757 381
371 174
758 558
690 262
999 272
512 554
97 550
422 901
693 534
196 82
968 11
309 285
951 194
310 206
395 332
113 517
339 737
299 232
52 416
34 119
418 278
94 831
132 536
864 197
872 325
14 459
543 144
272 959
683 415
332 199
797 395
781 774
693 202
588 272
328 614
835 377
308 31
203 195
294 30
833 328
345 721
626 385
420 576
386 592
619 712
856 646
341 450
271 427
627 537
277 810
230 597
777 274
375 430
84 292
605 646
587 391
593 618
464 237
192 909
999 914
486 547
213 873
454 13
350 434
335 314
652 456
710 338
676 454
171 444
37 140
259 158
945 419
203 436
714 224
148 654
991 732
996 970
499 690
977 462
163 459
861 224
75 567
615 945
304 275
103 157
701 712
193 849
340 544
966 314
71 848
441 463
375 722
453 400
684 268
116 254
323 456
548 291
827 508
159 276
63 806
559 941
104 813
11 203
343 22
862 790
849 245
668 687
445 738
30 68
424 803
21 655
349 786
601 741
690 230
111 264
753 477
424 577
740 79
759 317
691 517
798 875
433 870
467 6
804 883
454 828
937 278
648 223
835 627
657 919
964 789
640 611
456 848
56 362
44 975
78 959
706 508
725 64
302 499
914 145
808 404
330 984
210 626
799 734
766 903
412 742
985 220
109 940
644 969
904 790
838 387
307 377
540 385
869 501
196 583
966 103
842 81
169 589
439 509
171 771
219 563
857 564
182 385
510 50
774 709
331 685
225 162
851 82
279 453
158 686
50 783
566 319
767 238
89 979
460 145
881 303
757 309
794 289
586 911
271 619
533 132
572 750
242 713
538 810
759 812
300 489
603 704
840 14
54 24
337 116
90 804
823 844
833 790
228 234
452 466
927 579
716 278
332 15
928 270
711 525
648 925
584 751
796 330
961 330
523 463
411 809
895 705
972 78
791 522
458 343
721 475
479 511
248 895
246 414
468 908
970 458
791 744
259 427
249 283
566 892
920 437
772 235
421 387
481 376
710 267
72 651
71 327
553 476
184 537
792 856
995 883
727 972
948 603
342 766
606 91
734 44
383 454
313 996
351 612
209 689
565 827
628 678
225 93
62 888
620 194
371 113
274 792
352 88
337 404
340 745
288 900
608 777
366 617
556 489
974 233
135 238
393 539
33 620
761 630
770 395
510 264
206 1
23 597
651 148
512 766
966 527
953 412
715 781
555 560
168 728
333 130
480 730
372 344
336 674
916 135
778 224
764 985
14 496
345 637
896 123
440 295
630 950
171 457
1000 191
996 139
802 476
146 280
898 811
223 282
886 718
868 77
674 770
475 541
811 423
777 27
209 457
873 610
565 92
70 522
574 906
77 594
578 473
805 401
669 910
800 963
29 495
144 551
91 602
661 730
351 132
755 900
711 164
995 945
333 778
743 535
266 4
596 490
267 62
652 549
209 917
247 629
306 105
753 720
684 854
645 488
46 159
265 788
179 890
844 632
975 230
209 115
282 113
726 636
435 533
486 749
728 135
248 198
413 650
126 171
899 371
465 900
693 883
568 872
20 643
718 478
991 814
888 5
279 610
799 123
127 22
966 728
971 974
596 345
371 94
580 806
603 667
847 646
96 327
206 908
742 194
46 565
233 978
345 552
346 275
360 43
772 811
883 40
635 667
742 861
508 777
507 268
792 115
950 398
312 270
955 484
464 57
601 648
864 954
812 314
856 125
431 764
752 699
659 345
47 643
25 649
281 823
109 387
372 999
284 1
857 321
934 463
186 660
702 123
78 817
799 967
109 165
852 947
744 860
342 391
655 464
483 330
861 571
237 257
826 814
939 517
193 379
195 789
652 457
946 234
303 859
188 41
545 744
456 753
952 726
420 404
413 765
435 625
590 551
502 752
84 840
736 375
75 647
884 951
685 322
917 704
300 224
969 151
552 393
55 78
383 589
442 113
601 939
651 335
945 110
283 835
839 580
474 654
326 679
554 321
348 363
42 970
24 337
333 249
618 25
162 483
309 368
863 825
950 56
399 355
976 866
314 265
127 312
82 733
229 154
583 676
565 720
664 63
521 410
370 32
171 17
1000 247
512 115
659 260
401 532
510 796
132 396
812 286
605 946
599 38
177 785
472 991
735 422
458 606
997 359
1000 405
402 9
514 902
364 955
900 175
369 843
721 510
164 757
1000 691
598 834
964 790
606 740
38 399
188 376
460 501
812 866
688 848
1000 706
113 479
351 877
762 964
32 835
676 404
344 213
348 741
117 416
841 444
383 45
866 985
528 306
620 72
783 694
398 720
148 675
836 968
150 113
729 448
295 669
297 620
11 810
653 247
837 106
361 289
785 455
681 758
268 280
633 141
615 37
357 821
693 683
34 504
839 669
698 851
277 84
779 446
138 266
980 533
425 112
625 994
241 693
721 739
24 429
888 172
276 337
200 174
293 895
954 27
93 573
872 736
444 969
247 348
402 681
366 142
295 182
820 399
483 430
410 888
159 583
739 737
242 59
725 958
835 18
323 326
894 563
109 297
419 891
385 703
232 952
233 597
531 858
679 114
682 786
797 227
583 726
74 546
522 778
941 836
320 837
761 597
834 155
247 882
213 206
749 12
757 513
813 879
423 743
174 731
341 362
296 165
304 755
309 393
416 526
961 806
45 624
605 495
914 404
455 564
701 956
499 764
525 238
31 869
16 450
793 654
700 369
838 142
514 240
331 205
40 343
442 776
922 93
137 803
634 355
482 724
197 175
119 477
231 832
569 913
292 964
96 205
758 627
504 354
713 338
237 660
366 840
21 115
724 566
375 522
358 732
168 76
254 925
737 421
242 893
315 523
816 52
30 114
638 999
234 489
567 313
688 254
146 722
482 820
824 398
614 226
954 785
385 618
974 340
354 613
81 475
190 199
670 77
252 388
878 176
111 323
958 907
21 567
947 633
553 978
895 184
274 245
937 435
995 325
647 564
172 724
194 444
472 774
345 56
753 139
971 220
113 52
830 520
441 525
248 813
320 458
502 998
532 507
330 831
523 712
861 851
610 854
293 26
187 523
430 349
326 466
809 52
861 436
60 234
378 290
890 41
775 519
446 971
69 372
987 913
605 578
610 184
738 101
373 540
601 299
286 655
987 782
224 338
334 667
135 926
856 151
932 20
697 873
500 54
395 130
947 497
287 112
288 818
957 536
581 156
987 605
883 412
756 150
737 231
920 852
82 468
467 103
533 187
422 522
34 2
223 714
506 986
639 841
897 305
968 890
18 417
262 600
698 335
114 279
648 632
977 252
711 583
290 596
698 318
76 254
96 644
762 603
23 535
947 597
753 294
129 762
556 711
795 537
816 540
321 146
345 20
623 361
621 120
145 221
593 735
751 850
151 835
620 304
749 468
622 802
310 181
863 92
797 968
959 585
672 409
144 717
607 91
442 587
120 609
404 643
352 692
870 522
541 746
913 899
519 907
705 481
893 604
710 114
527 112
718 537
560 277
500 10
597 676
620 779
676 53
549 257
440 821
844 835
426 776
724 793
553 749
138 279
991 7
54 899
339 705
704 500
408 49
444 695
341 733
756 392
719 772
637 411
289 995
107 932
96 467
599 963
932 930
539 956
385 545
476 272
1000 248
821 502
716 748
453 978
664 431
494 134
939 23
498 253
927 766
971 390
807 20
65 855
160 930
138 909
412 60
199 228
293 367
555 84
259 659
920 759
523 562
483 113
356 449
449 33
521 85
687 672
786 51
770 684
454 845
682 480
97 576
230 590
342 405
448 406
724 266
292 414
409 414
616 514
959 754
374 310
876 76
235 92
80 847
944 948
447 835
230 337
909 106
568 596
537 523
850 450
410 227
335 946
931 799
608 752
275 803
582 164
579 703
831 655
465 258
652 50
486 152
253 227
914 885
76 668
183 152
717 484
477 507
975 364
491 707
310 5
42 943
746 183
983 806
984 832
971 870
185 861
168 653
812 78
727 317
821 296
234 498
695 259
57 411
898 547
194 867
245 786
985 567
103 724
342 372
76 288
459 424
504 718
43 41
194 183
211 783
677 826
788 133
521 262
80 50
393 155
639 1000
251 955
971 418
460 863
148 750
161 256
753 238
916 656
756 749
378 157
913 382
200 841
369 886
946 510
809 846
772 70
645 768
387 224
616 320
56 202
130 642
317 208
174 843
303 941
680 844
370 910
995 885
779 896
13 72
343 961
535 455
709 336
875 104
407 657
527 673
184 889
708 946
871 508
606 934
469 856
589 779
610 711
617 578
940 842
11 934
913 518
241 711
474 327
989 420
846 544
414 67
293 786
884 317
831 278
12 554
161 224
988 787
778 113
671 270
768 39
623 1
381 502
698 424
807 254
367 839
632 428
405 614
924 954
590 448
342 3
697 240
551 245
800 743
13 710
946 570
934 342
898 984
579 133
281 970
765 690
587 702
548 904
646 501
691 748
673 329
51 333
660 713
165 277
677 274
71 7
398 845
819 193
552 421
453 787
574 373
814 452
728 133
268 472
666 887
295 475
230 654
726 515
819 415
417 867
399 951
224 339
517 118
268 938
801 809
879 900
960 246
846 706
140 960
150 479
415 78
271 345
850 285
79 253
7 368
210 124
909 916
750 770
606 742
585 766
448 696
713 252
141 635
698 776
662 167
798 295
637 261
611 465
699 174
556 237
423 294
485 121
196 236
604 225
241 461
348 423
928 763
824 572
695 331
868 781
189 583
636 400
565 924
889 608
454 565
881 287
829 535
722 585
560 308
997 321
930 410
38 135
705 666
990 951
924 188
925 405
229 568
112 866
749 177
110 835
866 399
901 156
333 970
597 269
100 811
356 445
658 387
181 566
865 717
260 187
361 162
174 673
800 80
175 72
661 920
325 987
312 682
166 261
459 781
758 419
818 844
160 366
566 826
160 372
518 953
558 634
100 664
47 499
819 74
473 522
95 391
867 374
680 869
931 661
895 172
936 61
844 926
404 627
481 128
587 834
175 396
72 931
89 587
733 434
371 369
447 524
505 763
329 316
914 767
20 562
572 999
544 890
934 835
231 826
567 188
884 169
163 42
846 365
442 127
500 809
766 4
788 686
37 862
42 968
349 732
177 555
353 537
169 640
822 389
455 641
67 880
241 536
93 727
556 209
51 63
6 182
869 150
168 313
234 415
346 245
76 430
662 429
43 191
284 675
836 496
820 541
941 718
76 317
299 102
906 194
581 580
730 782
587 907
143 153
649 575
539 812
77 933
725 521
337 696
111 205
655 882
968 998
616 56
764 80
90 387
471 514
920 760
902 952
852 755
355 61
507 413
985 406
455 14
326 377
398 154
991 121
424 497
670 582
217 730
84 170
909 391
719 916
257 544
458 99
460 725
378 751
407 958
299 849
799 616
411 315
571 537
700 483
121 20
418 580
506 735
206 415
54 723
224 217
699 298
112 448
447 544
619 19
128 960
310 504
330 490
353 859
874 239
231 862
715 917
441 872
284 882
68 925
534 442
231 572
882 436
720 551
149 249
560 176
963 205
600 657
586 620
128 12
238 475
476 909
649 392
833 713
724 754
48 371
205 131
579 394
104 42
67 190
964 432
275 45
574 691
9 249
851 862
638 570
587 516
74 977
184 113
179 685
839 362
403 318
942 891
65 163
490 944
627 549
477 598
126 35
26 574
908 688
66 783
692 239
160 456
161 609
715 134
972 303
169 46
557 899
231 472
644 25
370 625
757 944
415 163
635 348
965 707
400 133
143 599
883 838
773 716
870 576
581 499
411 263
390 258
434 468
353 20
980 119
984 370
662 975
39 522
64 464
598 669
177 215
433 45
700 229
336 944
200 922
457 816
91 793
850 201
408 332
48 211
536 980
822 291
14 796
718 368
188 535
686 274
660 425
385 221
974 9
903 119
232 302
824 690
162 41
401 807
509 862
363 62
862 834
168 874
298 5
405 899
355 552
245 836
671 376
341 517
416 420
381 260
842 790
220 646
831 358
984 912
427 100
798 117
252 23
807 249
186 645
719 541
613 458
638 711
510 858
683 452
685 622
47 565
416 241
346 894
797 197
636 83
667 491
380 401
320 460
532 389
471 955
696 356
304 848
953 793
677 273
146 219
644 110
991 433
61 44
282 811
592 469
714 790
457 263
443 724
300 699
725 246
691 58
291 904
774 983
792 951
282 205
853 274
907 460
904 672
78 211
554 544
828 455
611 977
390 750
305 6
303 535
552 1
201 245
241 896
58 342
679 212
650 946
872 894
367 305
24 713
171 618
392 877
945 71
732 137
696 805
182 110
148 298
450 23
833 998
686 302
814 867
600 555
61 942
177 302
957 436
431 588
680 387
82 365
183 368
884 227
152 220
758 716
707 874
858 450
417 136
241 460
823 689
423 7
928 619
364 541
492 618
312 128
256 166
522 31
483 377
748 699
548 719
369 66
260 503
431 366
562 506
200 676
114 278
749 176
294 109
356 446
584 921
52 919
454 871
441 998
99 148
283 77
216 152
877 157
662 587
158 352
134 804
502 226
851 687
255 494
649 957
714 157
899 37
277 633
204 687
883 625
45 749
672 377
212 162
585 904
303 725
197 434
382 886
862 444
921 398
116 262
425 575
887 539
780 503
999 253
837 226
970 965
964 467
214 22
780 70
653 208
624 320
399 680
611 602
878 121
154 825
35 22
642 18
805 614
954 722
257 48
439 808
150 953
831 762
614 254
707 552
766 5
841 850
239 143
498 311
461 897
266 177
595 495
456 389
88 390
944 661
323 49
452 363
845 236
955 404
738 796
81 7
389 326
449 763
837 600
52 384
180 381
16 758
32 27
223 441
155 667
929 162
725 525
410 378
320 743
601 538
854 356
413 354
380 251
646 144
942 779
726 162
730 33
967 844
578 493
377 724
933 861
721 499
541 136
319 558
30 919
515 629
4 246
523 786
84 324
952 808
537 894
855 904
575 718
279 29
302 358
959 884
606 208
420 213
749 795
761 265
620 52
770 895
737 752
351 524
154 456
469 721
679 834
699 301
883 568
67 583
448 963
267 441
175 528
289 577
590 689
735 584
816 350
687 437
470 755
461 980
233 141
659 873
570 276
555 712
498 347
387 798
46 513
180 563
343 65
555 601
647 9
137 704
98 700
379 405
362 717
509 810
973 91
132 589
390 141
868 530
803 740
774 39
759 767
996 147
263 550
971 471
630 840
96 735
812 765
261 1
744 219
835 164
854 384
123 246
878 656
214 35
769 726
610 764
493 24
55 817
392 95
123 103
493 937
60 524
811 460
5 413
190 923
446 353
104 344
160 90
804 915
535 541
333 913
321 969
607 931
70 716
352 929
369 965
777 302
31 691
371 907
476 514
559 218
904 935
389 673
305 686
412 710
14 310
924 293
3 35
891 678
675 629
676 282
531 505
355 597
248 319
736 468
455 966
620 830
213 752
625 720
150 766
704 225
962 925
165 903
121 273
175 564
415 229
435 731
737 111
646 611
29 611
799 131
804 235
814 836
873 264
585 235
290 224
390 130
55 288
22 789
295 369
483 529
944 109
855 281
90 917
295 198
25 998
854 595
410 808
587 884
459 406
733 558
447 776
424 848
462 764
981 596
697 133
716 679
219 473
369 468
383 479
958 176
636 398
48 751
211 813
416 131
146 276
95 715
553 803
247 412
892 87
566 272
878 38
29 378
503 167
506 377
184 253
757 704
333 548
246 335
247 162
51 335
288 171
697 321
882 895
187 927
313 584
577 235
705 990
190 774
549 837
677 272
606 398
165 76
169 9
23 354
482 192
9 720
619 513
321 838
748 171
30 894
160 803
645 323
424 89
761 336
653 888
801 717
624 1000
566 975
571 723
457 407
277 612
648 328
118 966
552 228
790 290
615 827
892 872
552 115
628 646
387 666
154 179
844 858
187 57
371 260
853 996
379 785
819 556
306 257
749 851
515 295
720 819
591 647
585 47
659 816
954 903
475 147
747 463
253 26
971 851
185 810
628 122
224 768
673 973
102 865
15 682
589 369
772 791
590 58
58 139
629 592
923 937
882 332
55 554
839 547
704 824
512 107
910 262
81 452
172 917
640 463
878 83
954 675
4 878
276 907
88 535
86 38
488 337
363 623
76 72
739 792
612 106
118 503
262 573
915 421
916 586
757 676
546 513
227 93
688 729
570 915
599 265
692 49
346 756
494 17
915 274
368 485
664 615
425 98
388 370
652 743
75 238
459 783
578 219
482 228
853 467
571 654
164 296
917 886
75 895
536 763
539 172
406 485
264 414
49 664
601 411
576 899
951 603
292 500
24 874
187 758
611 721
139 619
351 64
74 140
771 126
576 198
813 743
141 298
435 629
220 229
538 142
921 318
708 898
218 426
650 599
906 573
500 900
926 696
718 318
3 567
500 811
232 585
49 181
362 820
846 482
171 742
998 233
871 885
971 895
402 558
607 847
797 727
840 102
327 616
534 766
663 990
254 332
210 418
102 668
358 618
288 254
569 281
60 916
42 379
741 59
871 680
103 770
530 924
152 326
213 355
105 426
342 73
920 843
61 687
687 591
354 222
530 502
479 307
461 113
493 964
55 861
812 568
597 446
725 361
651 634
292 619
514 898
125 665
753 80
130 923
661 685
26 728
818 524
449 215
821 951
611 479
886 839
133 405
762 849
869 923
748 860
655 304
969 728
521 714
114 620
50 452
639 410
493 416
442 618
739 496
886 97
465 955
687 112
999 770
625 457
403 849
481 49
597 867
235 238
563 988
128 595
6 596
79 6
279 448
357 928
124 941
804 97
884 919
97 483
896 455
490 210
846 335
650 730
232 421
158 845
362 808
521 847
613 465
347 5
771 679
208 333
885 525
447 486
569 708
920 26
168 799
727 304
685 870
300 260
94 760
310 981
494 54
332 181
462 528
893 372
55 899
946 776
949 435
471 691
311 926
57 235
578 351
482 360
635 786
392 64
770 829
178 625
450 970
587 663
327 400
368 335
760 726
68 656
318 173
143 258
4 68
5 301
248 644
869 558
550 251
274 318
312 757
630 309
44 936
374 119
982 374
905 758
40 799
13 244
99 762
606 205
51 536
925 927
417 836
71 467
295 863
813 670
540 378
960 883
982 963
417 821
144 11
977 811
226 395
638 476
840 403
839 607
755 544
718 596
23 882
707 709
889 170
852 282
139 145
582 116
1 336
67 61
766 273
206 155
888 494
693 651
472 909
291 443
97 376
603 690
837 132
642 842
71 932
954 72
654 586
333 189
81 172
997 918
485 66
256 32
298 679
988 272
945 660
51 658
512 384
878 197
706 816
384 819
811 252
258 788
411 746
683 454
831 70
782 446
307 986
346 892
754 81
227 211
707 349
711 381
14 215
554 456
140 843
355 119
621 400
826 676
969 576
640 544
770 659
221 691
472 471
402 510
166 367
773 669
633 668
170 610
482 176
66 563
537 182
914 357
574 459
870 610
637 877
88 150
242 634
953 918
715 275
830 930
249 497
974 572
558 831
45 792
945 266
588 41
467 58
145 913
40 424
867 573
762 747
743 214
413 645
989 114
330 465
477 286
427 617
870 223
463 351
454 864
488 617
766 412
254 112
456 7
241 791
15 919
896 399
52 881
116 224
10 309
873 491
107 559
381 196
555 531
77 203
689 457
301 899
414 162
821 925
846 161
357 444
920 82
609 261
560 457
544 974
392 427
506 585
570 158
658 931
518 86
350 420
299 396
7 983
302 797
229 835
801 66
696 872
655 136
342 157
289 263
697 386
259 699
816 528
564 214
657 540
454 970
458 949
479 429
216 235
127 511
255 650
848 784
978 867
248 700
787 847
865 563
437 970
630 381
23 385
420 873
670 760
490 680
515 825
420 179
776 171
649 931
524 569
635 262
107 161
948 617
232 910
760 420
796 980
382 199
510 24
718 541
511 289
224 225
296 814
371 370
266 970
838 202
72 821
1 367
2 960
791 320
704 298
776 743
689 186
582 207
35 24
418 880
71 846
132 934
495 130
443 303
7 486
429 272
337 897
168 81
586 917
577 894
318 536
104 644
711 995
972 525
724 618
530 819
592 760
241 494
557 310
725 820
511 926
11 350
897 273
792 121
497 213
573 972
522 174
621 532
402 864
697 132
958 821
996 72
924 600
484 779
693 89
803 678
4 978
21 988
88 867
624 629
700 954
630 447
77 533
886 981
887 4
246 436
429 430
95 177
304 480
212 371
361 863
913 176
697 745
809 999
187 567
724 278
482 137
231 262
588 837
516 250
39 959
335 484
743 427
704 108
411 316
395 915
638 384
36 903
681 78
585 938
503 835
641 968
624 128
684 899
199 586
414 980
679 892
296 891
287 167
435 592
241 990
93 116
455 877
866 820
525 423
28 705
555 812
23 990
249 671
840 342
968 363
698 860
662 243
665 141
82 9
907 248
466 872
735 545
471 153
404 909
665 541
723 368
447 400
650 997
860 758
538 528
128 144
865 964
43 271
444 966
873 76
176 172
360 409
218 364
709 390
904 853
413 34
185 67
797 813
688 166
512 84
255 782
579 28
40 708
423 815
523 453
63 260
566 421
934 441
26 650
429 703
891 124
69 744
933 895
562 603
568 154
406 320
196 530
317 123
248 811
842 367
602 283
46 510
956 790
95 314
616 467
709 570
415 778
875 334
456 592
443 826
67 673
356 805
31 979
322 757
731 851
607 300
274 624
810 590
683 724
212 228
657 433
223 967
74 197
116 376
235 34
870 929
451 501
715 929
760 331
903 317
698 897
628 322
646 609
6 960
577 516
206 438
570 327
185 977
659 879
326 736
383 913
167 676
738 736
298 533
779 46
818 426
25 996
559 867
858 412
169 657
901 736
479 766
41 509
879 119
863 530
669 245
341 868
12 772
968 978
643 966
181 907
976 77
795 643
152 703
155 736
267 734
437 674
699 691
99 920
276 608
268 912
51 288
344 342
364 873
492 182
477 518
247 188
621 399
696 26
57 992
541 334
449 158
218 597
860 900
610 851
627 947
97 908
39 609
23 380
226 104
65 430
672 114
639 460
52 732
914 211
443 745
185 136
338 551
36 840
329 194
153 940
481 15
946 83
623 901
495 538
995 738
526 286
710 11
748 474
93 11
330 335
596 102
979 86
799 323
415 74
978 482
689 157
215 393
21 176
663 353
135 200
550 449
927 60
492 929
522 454
244 478
300 24
690 656
742 786
380 814
862 914
422 527
208 391
619 843
297 986
855 319
822 44
730 890
160 617
730 781
346 140
331 592
955 506
99 588
760 658
726 443
397 933
386 154
678 574
995 390
703 985
411 713
87 356
265 212
226 712
635 876
143 423
347 520
868 254
299 685
792 31
53 342
570 608
610 533
509 501
834 173
912 751
970 445
862 427
10 753
874 785
71 231
75 224
773 879
924 461
235 998
143 539
917 884
808 221
1000 6
442 455
546 945
818 938
196 618
253 519
92 651
921 403
669 158
286 639
986 89
145 685
936 176
165 674
799 357
908 14
782 531
296 702
923 587
249 642
158 708
841 966
687 270
310 387
349 679
110 398
660 509
498 306
101 151
764 569
755 451
819 808
107 522
561 619
198 286
713 877
663 619
851 507
923 774
46 603
512 299
626 54
141 893
327 618
37 956
629 562
766 662
871 597
129 748
545 1
613 238
866 767
872 424
691 876
357 288
657 591
56 821
129 575
424 953
425 384
411 725
284 349
838 796
512 248
108 633
554 367
179 681
928 360
34 743
802 599
790 722
227 234
209 523
651 636
709 674
368 436
866 431
721 320
544 407
106 667
291 615
169 71
210 621
942 714
668 468
49 553
321 780
620 416
382 951
933 13
331 503
95 342
23 21
173 768
14 712
622 541
87 527
952 521
572 306
588 548
426 951
776 422
279 365
451 536
527 699
861 221
681 367
277 380
800 11
889 140
766 330
348 39
561 402
368 488
139 196
16 777
680 288
590 807
331 896
353 712
85 933
908 272
196 2
110 456
59 794
366 930
82 409
341 764
401 831
347 7
632 183
11 236
474 381
488 239
911 433
141 865
400 616
937 814
375 834
607 783
252 15
54 317
349 847
116 622
160 768
124 49
255 777
825 18
823 619
795 678
789 45
336 193
816 763
122 606
837 859
143 110
619 539
77 726
939 135
78 593
643 651
327 402
807 900
991 187
773 116
800 958
422 760
109 602
151 785
616 310
190 873
540 116
181 618
183 530
866 290
204 957
443 607
540 39
28 243
947 991
678 157
496 454
347 911
701 212
49 597
288 479
52 616
257 512
779 903
466 374
281 388
430 37
863 251
487 12
959 649
239 671
369 693
204 548
525 232
286 548
589 949
87 104
857 537
901 671
274 787
41 548
813 446
372 18
747 198
785 421
474 558
7 408
31 22
220 461
370 478
270 741
163 887
845 847
149 168
613 499
962 557
732 643
910 821
323 125
860 140
907 109
6 114
651 107
944 255
859 972
346 169
254 534
458 815
738 963
674 59
252 19
146 640
960 17
59 629
8 737
467 836
198 692
750 385
924 806
692 314
768 346
630 730
939 227
283 739
978 728
754 222
705 802
541 220
619 740
319 530
602 474
89 5
87 534
900 109
95 123
673 317
861 720
705 76
209 893
818 677
588 831
300 695
227 657
896 982
514 541
2 297
505 381
738 127
630 49
188 28
814 312
581 467
196 631
36 984
519 925
336 882
26 966
106 772
141 259
73 85
735 751
136 925
676 31
514 174
182 320
20 539
662 94
330 479
791 318
906 516
488 619
656 379
621 375
115 780
847 199
813 51
319 446
546 622
785 530
376 14
23 630
944 445
618 44
582 387
840 254
141 711
589 413
736 63
457 562
318 717
655 726
823 796
185 152
704 652
672 608
494 125
920 84
299 113
114 276
345 210
497 184
43 116
281 655
854 348
982 129
768 183
346 943
309 217
366 426
355 112
12 952
15 107
184 45
493 989
609 860
539 613
540 730
23 963
596 737
333 965
835 415
944 352
290 792
574 56
44 995
501 276
691 380
35 736
571 786
511 655
867 159
354 54
88 86
878 637
293 137
776 173
366 84
874 560
156 663
640 812
607 214
526 328
140 131
785 178
457 1
3 141
216 362
482 948
435 630
374 633
14 958
663 279
616 1000
505 623
839 694
475 323
665 183
594 247
244 396
233 149
146 772
241 642
148 202
993 883
889 578
592 619
20 810
997 940
317 51
431 970
488 244
698 11
76 427
771 733
573 857
985 989
731 193
750 446
487 847
436 995
826 183
385 571
388 910
447 173
17 940
234 698
717 63
479 860
65 952
462 938
18 270
332 114
63 482
963 784
57 622
746 385
554 511
207 759
246 283
686 996
319 709
87 617
38 55
933 359
406 715
15 604
326 370
218 411
458 138
188 375
579 638
853 3
382 549
705 13
207 442
311 431
563 146
567 682
126 524
933 12
611 125
633 858
316 2
889 448
311 281
314 559
334 682
631 720
45 717
137 742
913 865
496 533
619 934
857 572
822 574
714 415
516 425
844 782
849 764
577 653
68 272
306 413
148 392
449 751
44 297
463 273
410 399
547 194
201 258
186 182
993 814
866 532
267 155
182 42
440 565
567 367
581 681
140 634
931 321
779 149
227 757
659 435
186 379
370 236
668 651
971 634
788 28
21 683
977 173
33 117
787 348
938 272
474 874
668 425
264 831
472 898
806 283
934 300
575 42
730 1
930 479
806 362
809 662
627 699
721 322
351 27
714 541
659 116
899 933
312 777
150 803
756 844
939 420
158 261
28 93
639 581
478 37
218 48
190 761
212 401
31 703
32 247
218 750
917 826
679 431
848 617
248 613
688 962
844 765
978 587
409 380
871 276
146 270
252 880
715 360
383 462
573 138
386 84
978 730
745 765
671 525
468 328
878 791
754 801
600 178
225 85
813 300
210 771
232 855
163 395
992 817
6 290
737 948
637 918
452 879
272 369
849 617
263 45
399 541
275 547
17 313
336 723
764 755
11 45
380 772
861 371
859 284
707 885
103 528
50 668
69 881
662 511
152 116
871 527
665 528
566 91
290 478
254 535
958 913
131 665
711 715
345 502
243 881
298 228
845 1
794 961
377 965
360 149
33 17
381 609
458 526
665 145
850 552
544 643
760 130
677 681
125 636
471 592
8 448
468 714
450 813
274 127
368 366
373 723
455 461
299 609
854 253
801 487
17 432
736 840
281 920
735 42
24 706
900 509
243 956
136 322
163 47
288 397
244 582
619 914
800 296
454 425
369 711
575 915
300 583
287 347
514 397
303 250
727 857
528 369
835 911
568 530
550 678
741 877
478 605
926 561
642 408
861 4
384 392
410 340
840 257
362 77
608 813
480 390
263 17
20 890
537 400
188 560
985 806
490 965
272 635
606 522
405 817
747 592
583 979
612 722
774 193
977 459
280 133
335 673
376 558
159 631
953 162
114 222
156 415
643 390
341 729
492 615
642 766
458 723
39 114
976 156
631 500
578 736
545 489
531 810
255 960
128 279
756 631
973 671
542 494
218 354
521 209
902 982
687 548
941 884
428 841
982 96
711 354
252 645
91 513
223 4
904 182
812 999
84 446
30 956
454 856
327 234
293 865
863 52
520 486
812 886
505 208
1 823
588 973
41 102
477 778
424 426
631 937
812 773
445 492
363 175
992 701
813 961
935 333
563 38
502 278
840 865
32 942
640 813
843 374
607 209
24 878
701 908
169 267
135 618
780 285
943 179
526 329
529 27
433 142
734 441
144 199
538 283
44 544
939 936
482 949
746 646
763 556
402 468
584 307
914 614
310 359
921 636
75 558
519 529
650 960
49 463
456 471
45 27
227 840
305 182
949 849
609 96
132 929
757 344
854 664
358 445
642 158
571 44
253 269
801 275
635 718
483 557
910 713
858 419
654 920
271 828
612 758
707 218
194 827
472 649
169 746
362 613
381 455
328 685
937 833
833 656
355 756
321 420
836 269
635 351
381 440
830 359
800 591
635 925
411 727
72 544
180 408
492 474
809 552
997 367
468 659
655 233
658 319
531 951
327 424
766 633
7 730
303 195
51 282
321 992
194 366
433 750
783 250
635 997
231 434
910 251
877 380
552 830
278 208
740 539
193 456
935 101
430 15
606 100
95 481
408 553
509 326
891 526
395 997
232 370
771 94
495 604
426 949
5 794
121 143
983 763
766 761
789 430
956 177
997 523
407 523
107 317
550 633
573 440
940 861
577 573
600 458
684 346
6 874
723 388
410 575
547 82
567 15
201 402
718 137
707 920
85 788
266 94
751 323
272 579
720 541
497 916
617 939
138 905
566 124
471 504
440 276
439 606
64 852
195 490
252 9
517 953
29 79
74 840
147 252
262 735
946 772
16 224
878 15
130 857
534 875
513 794
725 664
838 905
285 775
490 811
821 245
657 549
910 437
549 731
949 337
865 670
293 413
61 913
610 105
263 993
460 529
887 410
635 485
429 606
321 893
730 467
911 698
598 3
316 176
101 934
612 241
49 587
782 909
680 819
754 636
47 433
456 674
974 548
481 81
896 746
54 518
643 103
743 884
549 369
127 837
79 230
542 650
706 780
542 533
383 544
92 2
314 4
704 388
318 580
268 715
285 310
471 47
718 20
724 685
360 504
180 643
769 506
312 379
275 369
99 597
545 339
764 833
364 567
467 495
646 51
975 909
176 425
488 491
566 378
859 236
973 348
613 607
133 21
906 279
536 580
485 514
454 595
754 77
977 938
553 345
569 160
769 934
809 753
424 657
330 962
299 723
619 742
138 735
195 514
751 761
909 59
977 596
855 559
420 820
791 775
152 894
620 347
251 408
779 101
616 562
672 484
527 942
363 83
61 141
2 295
149 564
496 368
648 333
652 429
174 985
438 978
865 358
123 928
589 855
53 981
958 796
993 26
336 771
98 766
830 695
598 691
214 996
269 733
254 485
571 293
789 486
572 986
487 777
352 125
580 445
980 375
783 916
92 119
20 660
385 17
349 320
816 283
944 288
861 293
298 613
225 451
797 605
250 886
788 256
738 643
461 104
121 643
713 455
718 112
276 195
578 991
313 943
335 672
414 817
971 692
580 895
301 673
233 763
734 853
646 31
795 755
742 948
347 412
332 72
226 711
280 467
319 850
217 952
668 257
341 103
397 277
695 772
395 992
807 846
973 418
781 623
997 68
751 541
772 118
701 312
78 937
407 205
389 962
875 493
748 885
326 423
255 263
311 529
424 427
226 11
52 691
184 619
153 540
500 461
122 443
162 850
258 161
139 622
875 152
362 381
309 786
369 416
352 315
171 785
36 77
590 556
351 762
651 408
749 929
92 420
118 624
301 176
563 741
966 674
895 280
846 372
847 165
362 817
932 357
771 545
314 60
341 741
346 880
513 234
155 110
516 779
560 139
323 406
29 840
765 94
768 984
141 890
932 603
519 101
578 547
462 654
484 66
50 43
750 349
720 336
370 89
100 434
428 633
447 175
820 907
124 40
539 614
95 761
976 121
151 699
958 825
367 577
545 500
604 913
294 161
354 404
579 181
998 697
213 479
769 637
57 835
129 734
773 29
62 44
246 281
639 722
549 550
769 942
42 386
536 911
665 813
333 999
706 67
764 333
178 936
969 947
87 728
347 823
166 201
786 98
875 457
437 810
710 293
805 127
194 278
147 637
10 851
567 725
749 722
640 778
918 289
919 88
580 832
356 924
303 759
681 451
81 767
960 134
447 984
709 501
323 582
326 847
862 301
644 608
519 628
426 837
888 360
137 782
541 134
853 566
215 477
247 533
605 213
608 871
508 502
701 738
435 14
585 25
180 795
269 630
680 291
441 497
478 820
764 745
345 845
902 305
710 530
966 936
789 97
737 400
333 101
704 583
82 295
746 206
820 585
15 554
842 765
243 328
727 429
375 863
450 178
198 828
163 664
494 170
381 518
299 456
820 798
731 461
510 944
520 273
856 554
263 706
503 217
729 171
436 150
42 13
78 711
155 294
856 729
140 387
811 339
61 912
925 711
319 584
716 204
75 220
94 200
960 294
249 289
531 289
378 530
718 925
238 747
645 361
210 588
355 397
784 643
348 464
58 1000
939 725
923 200
562 264
395 947
549 30
142 412
460 652
922 896
64 440
301 325
925 779
749 583
725 232
296 859
444 307
106 190
439 72
25 688
458 524
337 386
724 234
448 549
927 439
414 286
699 444
280 798
174 382
124 573
197 807
242 656
22 306
390 438
85 838
852 192
414 56
732 83
821 736
64 915
410 643
411 266
548 365
492 863
755 99
21 491
519 28
150 705
924 748
816 45
929 258
159 413
767 712
842 785
295 77
480 562
673 773
980 903
34 985
551 796
422 336
349 848
423 233
171 80
308 159
290 702
972 902
241 148
167 228
995 511
405 735
639 948
694 735
364 726
476 952
223 157
412 955
890 634
726 236
417 775
186 849
118 284
782 221
658 407
588 84
742 496
166 134
297 53
283 102
708 717
412 258
820 391
119 309
164 419
948 706
496 403
518 570
613 584
363 197
643 279
153 519
562 349
35 551
257 609
207 237
306 238
552 234
236 371
404 615
559 489
671 739
672 707
547 465
141 256
642 487
2 70
701 840
575 883
982 851
969 16
699 262
280 715
559 719
836 960
495 885
353 644
673 741
619 353
253 163
936 901
977 303
618 43
628 92
354 845
120 343
998 342
722 524
368 881
243 147
617 98
279 971
659 389
389 508
84 895
786 512
723 86
539 856
385 589
289 169
143 50
844 157
661 433
46 489
595 693
686 860
547 566
553 565
716 423
75 297
294 21
665 935
840 203
118 457
485 694
622 969
808 645
950 960
165 264
521 32
596 748
762 724
374 150
104 406
969 918
236 147
643 597
271 444
994 291
248 705
869 609
835 529
933 132
754 419
520 119
334 947
67 708
282 790
711 19
623 711
572 443
134 942
490 292
217 484
348 650
476 375
724 477
796 930
502 391
766 624
748 427
162 962
490 439
684 963
956 56
779 396
163 500
755 622
448 354
683 238
335 210
250 582
801 958
767 255
895 394
435 744
996 723
297 655
82 143
192 813
871 141
115 237
279 664
85 909
818 490
158 859
286 172
435 902
910 833
253 56
332 955
399 452
187 245
718 34
617 973
154 597
450 316
345 530
698 22
794 613
63 184
102 662
101 230
586 707
111 172
481 828
341 792
837 867
271 77
939 159
209 510
946 753
194 74
471 538
610 773
730 219
74 647
421 178
460 408
317 481
502 39
51 141
146 139
350 123
982 364
803 349
883 965
653 823
756 894
231 317
88 53
917 916
810 452
919 234
134 84
464 776
925 949
400 32
2 236
867 410
98 615
213 628
552 544
948 761
766 933
435 550
940 569
552 49
864 355
443 96
67 588
653 237
162 712
543 777
845 581
137 926
355 711
785 61
148 378
314 110
651 357
244 24
304 8
833 935
927 129
513 245
966 937
57 305
366 805
516 1000
498 421
560 168
635 748
851 411
951 679
307 697
803 284
474 394
366 148
388 990
764 831
266 446
341 986
694 982
309 124
384 813
872 392
61 954
255 821
578 294
165 793
674 245
986 3
568 682
330 559
864 747
332 401
981 780
471 574
4 947
795 984
192 691
959 25
513 595
627 557
277 774
848 846
27 227
74 266
436 437
476 618
578 234
815 235
395 724
326 492
827 713
350 486
687 941
389 682
260 323
467 198
819 29
412 733
331 407
652 395
908 797
601 469
305 816
227 922
678 371
883 767
59 257
518 776
709 327
434 871
571 426
261 982
580 564
227 932
304 327
305 18
235 337
606 864
689 884
288 927
439 248
97 257
689 197
716 794
328 43
292 974
258 682
336 726
686 282
327 776
390 70
106 371
457 747
546 673
869 214
228 802
158 268
157 250
485 221
177 740
108 776
897 291
241 425
494 101
702 526
573 926
523 169
764 835
848 494
786 940
458 525
111 649
744 62
119 174
428 721
910 373
950 586
354 349
743 981
642 41
341 65
986 150
902 944
367 669
886 999
759 111
992 174
716 98
630 504
353 396
980 410
687 867
619 617
960 4
697 699
294 859
388 276
669 677
268 322
644 997
500 491
890 63
507 741
672 99
353 223
616 579
891 603
362 263
588 537
633 896
923 324
672 708
400 903
952 692
700 18
461 546
631 522
748 358
241 952
352 127
550 188
392 902
414 379
214 765
461 772
153 499
228 529
980 480
709 238
713 235
664 993
21 44
632 21
996 542
229 393
530 950
966 614
660 341
660 625
400 579
261 398
391 895
431 818
988 857
24 30
243 146
929 301
534 580
396 201
1000 134
138 189
263 183
665 26
863 637
369 489
974 12
178 721
547 680
696 878
240 410
293 736
868 20
57 618
413 263
154 529
971 357
609 848
155 368
483 95
377 704
87 577
238 983
757 685
702 102
207 652
83 914
714 592
914 14
627 997
563 176
294 866
8 221
155 414
892 455
325 962
715 70
862 251
683 996
464 926
429 932
784 701
748 134
779 882
248 416
69 350
287 427
53 789
862 21
5 914
657 483
897 540
991 312
168 176
886 318
154 111
1000 928
567 913
37 402
885 254
871 63
672 607
748 330
845 672
40 281
166 841
850 246
941 205
923 590
943 515
984 592
235 438
384 262
497 643
779 399
283 860
547 187
819 958
533 884
944 168
495 249
634 899
655 641
551 624
293 832
202 791
918 929
388 596
414 128
133 824
428 484
637 2
341 965
986 266
435 616
602 881
497 207
663 836
872 437
685 704
271 991
241 194
332 189
385 680
298 923
636 461
892 39
289 180
181 974
294 167
256 335
768 262
311 800
265 204
522 797
706 46
820 457
643 432
804 393
683 947
501 244
249 267
321 918
473 851
450 13
481 360
728 215
767 350
344 160
808 303
15 487
131 2
321 688
378 835
127 76
519 848
945 507
339 84
156 614
372 829
3 305
356 154
701 798
426 944
705 475
759 370
609 167
274 808
849 752
477 303
923 445
374 601
451 428
474 599
625 701
438 186
205 741
77 773
897 746
376 173
598 872
417 509
969 184
997 746
279 703
396 633
712 997
159 298
885 534
517 178
389 228
100 449
273 880
524 419
873 199
945 754
368 521
885 808
285 226
358 920
270 334
173 18
163 666
812 757
280 734
303 265
111 417
333 679
119 122
670 382
359 939
416 93
787 62
972 66
114 342
186 955
995 163
173 803
464 681
589 650
490 953
75 65
238 911
167 433
960 649
743 662
799 896
190 912
431 12
436 438
865 524
458 170
173 709
507 619
218 746
365 155
260 779
818 781
486 743
917 951
629 381
353 178
351 987
317 855
283 299
37 328
278 98
870 968
27 814
871 353
1 399
917 649
832 959
63 617
175 572
197 148
718 462
866 581
188 953
542 536
44 152
409 813
231 714
345 687
399 398
951 205
885 633
297 992
694 145
438 339
147 131
210 466
928 745
822 245
290 474
384 923
314 468
483 503
357 274
386 979
272 832
842 485
47 591
450 7
17 616
401 457
526 539
360 808
858 43
134 388
119 94
468 726
89 159
345 5
476 809
666 777
242 391
467 534
892 333
514 837
985 839
532 398
40 964
22 596
424 291
722 780
70 800
17 436
679 510
459 795
852 786
485 963
53 655
790 472
424 65
800 300
654 187
325 863
967 336
456 626
883 813
496 371
387 484
580 779
767 487
948 515
73 207
760 399
358 216
178 434
715 665
631 517
410 289
897 199
36 187
885 138
619 466
549 483
628 428
81 999
617 693
152 394
626 701
366 896
862 517
404 165
832 552
68 10
604 68
440 753
497 830
422 513
738 670
120 345
67 434
916 175
58 147
901 701
150 739
851 594
29 786
285 392
488 44
147 347
665 282
299 116
377 884
659 500
398 328
536 105
556 916
247 459
801 91
821 8
645 536
591 690
650 160
284 486
503 18
713 768
699 725
852 737
66 170
138 623
207 655
407 345
983 611
963 601
363 389
424 287
819 728
192 875
299 577
30 819
804 546
697 726
700 755
631 451
311 387
260 963
814 494
504 779
302 194
529 398
912 274
363 48
326 68
442 449
938 586
614 683
230 672
179 930
145 278
164 54
814 240
913 777
515 109
809 328
24 528
442 291
560 578
667 806
504 88
508 544
948 773
879 531
400 883
475 445
51 602
211 339
659 999
89 883
269 645
524 203
564 936
339 503
432 51
399 593
914 919
149 122
177 321
327 979
238 346
714 425
375 967
837 702
604 223
503 253
237 994
788 406
427 533
650 403
651 950
983 117
35 591
893 817
635 544
907 657
697 197
171 154
247 431
104 71
279 523
765 302
124 154
640 419
822 702
322 59
807 9
848 70
167 174
80 208
282 692
484 818
929 923
750 45
955 875
117 624
887 108
82 789
378 140
820 91
971 145
166 125
539 501
119 470
411 102
753 985
200 935
40 924
352 926
773 828
334 866
118 245
829 501
524 823
50 508
566 796
771 420
420 222
689 531
27 980
145 353
753 660
39 773
79 1000
481 73
500 339
412 921
753 613
917 628
828 17
31 794
468 416
111 552
331 856
617 595
562 212
582 147
770 9
791 381
689 223
376 174
927 109
125 461
35 61
112 728
499 40
7 451
300 79
375 645
943 663
589 463
510 360
813 135
300 478
267 239
174 667
45 430
274 312
61 1
360 47
432 908
967 628
822 153
901 262
868 975
778 467
156 451
756 516
462 907
764 31
757 42
878 19
330 557
739 971
155 650
691 620
303 370
985 335
345 40
364 892
240 306
203 134
4 957
99 248
61 828
208 784
195 554
678 949
305 502
114 678
612 185
173 691
501 215
418 700
628 870
800 257
433 488
344 189
770 937
202 39
700 298
701 95
23 55
151 98
282 846
953 898
36 930
58 614
353 34
416 874
453 674
975 134
733 740
928 297
435 693
845 662
330 421
3 345
426 804
228 744
687 483
709 103
505 697
968 319
126 11
855 428
970 661
542 537
84 763
118 920
148 280
96 217
884 98
68 145
281 377
484 336
253 13
879 297
92 141
711 928
987 152
344 837
681 777
100 279
266 97
546 153
360 508
958 911
471 408
729 264
226 599
846 252
133 895
100 486
836 306
214 378
749 693
377 882
777 804
908 826
323 967
924 828
872 117
280 816
489 971
664 353
618 701
561 687
969 878
492 173
286 711
114 379
233 729
762 703
639 663
70 662
273 944
551 349
388 391
104 460
680 757
661 862
505 168
752 668
532 749
567 103
203 273
60 254
80 740
355 426
141 291
198 20
314 625
135 637
507 96
561 523
734 245
67 948
541 651
231 37
32 613
812 746
644 660
407 734
432 298
991 908
172 292
61 649
432 441
987 425
913 590
608 802
845 523
672 787
270 856
931 62
572 820
816 238
488 783
827 494
920 188
633 435
391 889
730 543
513 51
362 763
146 572
112 974
522 291
864 984
258 135
223 591
974 269
471 301
664 95
412 189
565 993
238 251
995 284
704 991
411 895
967 866
53 302
609 854
902 971
21 994
88 655
696 78
977 539
688 722
213 25
216 243
606 448
492 32
942 582
778 559
191 630
181 641
256 797
900 478
597 116
657 199
985 210
843 156
863 209
503 710
804 257
967 311
951 594
218 850
862 27
679 707
645 575
539 84
758 88
743 268
322 820
567 610
308 839
93 247
828 14
866 953
814 201
187 221
709 285
141 289
438 813
524 998
600 324
175 518
748 324
567 768
149 850
800 26
541 945
799 189
969 130
550 929
371 152
653 424
68 216
327 829
491 723
755 830
976 561
8 867
228 902
907 37
345 742
627 248
664 878
793 142
579 381
548 416
987 192
937 827
220 721
223 530
483 417
158 139
733 621
938 407
85 462
46 828
513 825
661 353
856 931
643 775
146 341
223 321
355 985
892 144
30 739
895 723
164 689
695 759
94 438
185 378
299 654
601 5
770 278
179 340
472 202
184 190
576 704
630 439
248 881
763 18
126 886
588 927
203 507
117 657
445 410
522 356
820 378
383 242
693 402
210 610
728 586
140 566
504 953
92 576
199 796
855 213
352 765
369 561
887 723
525 623
505 465
948 597
449 40
939 890
652 369
236 694
652 192
846 933
179 558
535 149
954 907
827 339
736 666
594 834
736 667
305 213
439 462
609 391
461 970
978 52
483 878
210 202
449 770
424 855
797 619
521 886
499 216
439 700
559 998
764 596
451 93
414 83
979 266
863 983
45 429
233 917
877 612
15 757
474 393
280 194
119 417
414 781
882 141
699 961
378 872
87 180
200 520
812 364
159 872
864 750
316 521
248 943
801 243
86 103
434 508
919 795
75 498
386 635
132 139
243 648
463 635
139 913
781 546
303 226
986 800
588 44
666 930
834 236
283 158
566 735
734 365
271 497
139 895
486 522
982 655
731 909
453 950
992 651
50 246
347 900
352 554
408 876
689 685
585 620
161 473
197 350
911 566
572 382
478 329
5 583
500 257
671 634
174 966
433 376
435 406
335 113
490 394
272 73
239 533
75 540
940 536
53 134
45 956
743 165
211 44
853 613
642 398
880 909
954 396
59 224
496 902
408 296
10 548
727 657
304 201
158 756
742 537
168 424
421 858
816 372
46 329
881 288
659 798
384 192
791 497
82 386
528 215
547 117
136 952
167 345
263 201
769 523
884 257
579 309
279 931
11 257
290 472
440 309
849 47
355 674
726 407
871 666
878 210
825 966
755 133
388 844
437 648
211 823
251 994
707 323
552 793
916 346
556 833
526 537
117 612
821 163
626 61
167 369
347 637
263 802
154 772
450 807
415 843
640 280
881 73
916 696
61 863
155 655
905 169
873 765
235 724
435 814
861 696
308 296
4 33
188 326
467 393
397 462
508 409
539 301
321 860
469 460
606 263
257 756
899 165
94 59
496 486
773 644
248 391
355 429
246 326
732 681
330 149
10 791
556 577
447 830
766 600
896 860
415 284
861 892
771 12
810 554
83 420
784 897
73 94
553 196
858 917
451 473
748 353
895 402
237 385
992 211
420 324
810 844
25 396
451 358
755 692
383 607
187 160
881 866
542 634
413 958
909 537
244 294
135 81
211 663
86 513
214 586
785 676
943 469
280 28
135 486
552 739
72 478
133 705
779 211
582 716
94 814
370 46
410 901
768 31
697 175
94 697
609 907
630 799
10 769
140 597
321 323
677 742
694 780
846 46
95 785
890 555
234 867
952 74
91 918
130 794
155 490
613 631
797 190
854 49
179 379
769 901
19 226
197 623
904 188
581 835
658 503
530 983
124 274
469 383
352 611
320 193
208 312
161 919
143 611
22 848
815 29
145 379
473 534
166 531
424 206
670 899
879 831
883 696
813 733
481 156
802 686
766 711
224 250
921 260
885 251
462 164
482 574
728 826
801 946
362 24
344 515
105 171
336 627
478 690
382 430
497 798
3 545
741 621
281 135
324 99
260 912
43 397
962 765
30 149
146 910
439 963
336 288
963 221
23 89
586 636
717 470
494 922
225 716
923 911
46 978
530 699
94 778
114 252
224 516
66 379
678 594
509 637
312 167
298 902
560 381
320 754
508 829
217 878
180 102
274 159
377 782
534 833
852 656
172 514
581 576
161 375
750 51
952 102
129 721
350 861
575 396
730 167
549 545
398 247
788 772
722 835
915 884
507 979
679 307
555 173
621 224
658 106
234 579
921 676
520 814
499 976
226 40
429 901
892 597
586 280
39 950
783 535
455 582
540 360
619 136
429 167
714 55
738 145
41 935
150 3
661 430
762 283
836 614
475 759
162 597
969 67
746 887
824 981
182 259
993 182
520 546
228 581
486 149
396 741
571 209
763 776
332 747
956 429
515 502
727 323
141 776
401 823
347 31
77 138
855 971
977 388
741 355
671 136
911 441
162 136
733 991
699 362
977 21
815 547
821 428
586 739
806 560
256 380
225 857
933 969
601 722
637 148
12 793
308 128
932 858
664 408
906 512
225 970
138 963
384 591
350 942
80 190
423 806
421 907
191 346
848 179
77 607
958 56
501 435
563 424
817 872
786 249
949 347
829 309
801 476
812 820
819 240
952 975
718 998
596 262
544 169
620 508
934 882
278 246
482 789
140 243
834 84
16 417
933 442
644 803
993 391
259 199
23 166
151 493
196 682
857 752
18 610
774 769
387 683
740 795
396 427
993 97
228 746
399 757
665 199
867 745
854 797
395 114
768 712
897 916
76 693
459 950
993 835
956 433
280 914
483 653
546 437
84 628
965 301
345 684
326 729
738 761
977 343
595 864
341 664
429 545
24 6
764 1000
11 256
893 204
964 60
989 601
918 735
730 276
983 63
280 739
312 240
259 939
223 506
740 208
685 721
318 394
543 695
638 755
640 510
345 360
30 681
177 843
911 32
627 751
366 257
539 657
541 35
303 272
86 128
792 455
977 573
339 612
178 922
506 511
815 157
26 614
611 683
139 781
449 149
86 354
108 494
1 812
827 391
113 256
222 98
147 558
269 19
454 17
155 212
799 647
309 402
269 100
992 519
852 243
946 72
785 206
783 591
453 104
396 504
643 73
184 802
136 901
880 938
111 610
58 346
187 50
978 475
266 943
429 401
949 746
257 32
760 223
299 59
824 892
469 578
349 715
81 885
732 12
346 371
914 961
993 984
63 818
445 137
451 20
624 50
698 127
439 623
958 549
449 747
110 234
313 68
8 566
25 632
483 276
641 945
105 298
582 820
161 8
324 763
423 136
280 426
393 77
165 465
129 603
612 398
802 354
53 300
436 164
100 841
492 610
809 727
316 929
744 757
304 921
147 649
545 814
875 483
506 130
749 454
677 313
550 57
787 697
383 216
852 741
170 701
266 353
463 848
155 3
799 746
910 145
14 330
680 866
862 142
810 493
98 459
270 725
417 937
844 572
338 365
979 161
822 580
932 175
164 49
311 162
745 702
503 998
75 347
465 647
358 74
382 92
690 331
291 163
234 95
162 272
999 292
233 157
620 543
401 953
326 662
148 210
521 856
629 999
81 849
728 809
671 6
51 905
380 843
660 373
757 858
479 529
361 117
882 967
893 423
671 151
12 528
897 254
839 333
126 192
222 594
100 297
431 579
713 630
570 201
954 872
385 563
573 962
595 630
797 462
212 850
263 566
465 719
20 415
901 432
119 253
764 246
976 14
668 460
355 987
137 108
1000 388
605 935
17 668
392 30
789 636
976 413
265 272
668 355
695 870
934 26
151 772
647 899
852 631
815 365
700 736
246 276
251 376
454 191
4 250
840 934
245 151
550 37
279 17
807 840
853 508
1000 576
585 630
586 281
805 121
75 788
4 280
563 11
50 74
69 318
643 227
862 501
305 920
213 639
197 410
899 410
226 506
282 440
11 714
378 545
434 719
589 793
476 118
684 563
813 337
620 861
804 148
571 355
873 273
558 95
712 779
552 340
721 579
667 549
963 410
72 57
436 570
823 958
954 187
223 850
189 990
405 769
141 775
440 684
133 759
650 291
264 634
637 433
77 26
919 286
462 748
564 604
51 643
586 736
303 14
941 514
483 758
359 153
920 771
668 417
137 63
272 620
397 629
15 58
734 934
806 275
961 346
320 590
583 925
891 153
450 961
422 155
350 47
346 290
415 998
252 708
346 641
800 38
861 707
717 543
166 239
578 231
151 383
446 591
838 317
964 904
916 875
313 794
834 396
359 363
96 314
610 167
993 277
39 853
153 990
249 5
503 648
16 418
58 613
918 455
97 201
151 492
236 660
422 653
455 954
508 242
774 657
956 364
150 159
408 298
779 749
340 761
34 444
552 417
366 633
673 723
358 493
875 789
253 153
795 50
828 645
465 489
709 134
505 920
695 87
954 95
436 793
447 446
450 462
620 758
548 363
364 270
368 843
737 438
242 876
579 311
177 543
380 994
972 734
756 325
389 386