861 2950
519 815 721
461 622 332
795 239 15
357 693 480
555 576 894
823 716 253
413 635 617
759 701 273
28 680 79
607 611 406
482 619 987
86 613 320
692 150 436
132 294 45
4 724 236
574 742 281
135 851 89
816 140 561
624 396 345
365 754 572
57 683 32
290 278 809
31 235 190
629 753 335
732 344 315
739 407 872
185 202 307
36 771 42
230 371 987
651 148 458
351 491 869
214 140 785
527 155 132
800 780 212
62 529 311
118 195 178
755 58 320
725 628 662
849 9 408
246 781 358
513 748 729
339 470 399
174 626 18
784 534 564
643 613 199
593 820 539
415 207 737
717 9 675
799 847 404
530 132 819
417 439 128
531 265 488
553 549 581
531 723 236
682 127 338
555 390 889
761 631 439
515 826 132
760 455 334
404 126 623
204 30 307
69 431 254
184 609 151
518 428 169
360 193 163
561 224 123
166 713 994
286 377 243
63 293 771
481 426 65
213 701 872
483 605 189
217 540 550
145 241 210
567 840 77
742 451 413
104 300 840
147 500 940
170 493 807
820 225 883
626 76 654
680 184 572
740 462 761
627 410 297
230 91 10
436 300 358
181 308 144
152 417 330
786 555 394
332 359 395
770 105 656
349 19 169
104 406 395
572 342 901
622 679 581
306 783 763
226 414 717
367 532 343
215 209 746
700 560 109
468 80 104
588 408 205
81 510 545
737 740 23
739 122 581
140 193 506
433 561 110
398 694 596
761 81 391
452 282 503
661 298 4
231 225 580
680 246 665
601 660 991
516 766 172
627 474 848
174 238 63
135 180 53
578 662 955
441 554 971
610 628 75
142 789 321
22 254 701
246 798 118
606 735 191
216 313 467
97 11 550
581 155 44
749 466 314
859 700 294
706 341 410
397 826 234
326 789 335
490 68 734
420 568 937
91 325 978
656 2 295
130 479 225
460 349 950
374 195 588
565 382 276
194 670 989
425 230 35
821 408 400
825 769 306
630 108 943
412 443 416
154 58 380
699 63 698
478 335 209
133 754 483
722 836 154
724 380 621
594 141 941
104 210 706
434 243 478
164 473 386
738 765 769
245 462 258
347 504 19
633 430 682
591 215 762
614 759 344
567 153 428
12 423 460
741 705 733
858 589 376
741 369 43
302 365 317
483 452 76
354 280 973
87 759 644
576 803 798
412 560 880
516 109 929
274 110 817
421 7 122
571 377 442
312 365 902
429 691 962
395 791 122
513 740 971
705 446 104
235 801 85
344 823 335
135 628 88
717 667 214
662 839 232
733 482 23
428 817 606
625 386 17
5 585 733
532 192 404
778 341 465
713 811 861
160 68 333
84 698 86
260 295 824
142 529 789
626 573 380
491 281 782
686 375 290
367 319 468
183 10 6
637 697 169
720 43 539
642 519 939
387 841 554
803 211 259
803 244 542
705 179 329
753 578 207
105 303 851
484 74 166
619 366 516
41 837 21
351 320 515
232 193 746
665 10 277
697 492 571
584 16 988
604 122 580
396 267 702
786 476 232
330 713 766
432 786 62
676 637 678
442 568 353
860 837 176
607 595 3
462 753 303
125 653 586
192 180 153
6 159 510
334 53 908
854 502 650
114 292 395
340 581 494
621 37 658
558 64 23
555 510 510
564 475 373
180 451 548
761 293 418
861 844 828
604 702 61
822 678 628
566 592 271
613 66 281
505 748 796
457 233 496
843 8 860
779 430 133
234 748 216
581 277 967
688 860 414
596 48 113
55 847 251
861 738 331
400 735 467
194 87 622
609 406 375
505 636 136
50 95 411
300 238 440
287 491 792
333 102 996
281 739 533
499 289 777
317 566 576
434 623 927
336 231 888
566 469 135
448 83 785
149 214 787
633 462 174
777 268 175
137 411 543
482 247 280
416 653 906
629 332 454
524 299 202
518 669 476
662 25 836
49 213 270
347 363 407
133 590 988
402 616 2
620 29 133
493 720 996
715 857 414
181 318 183
859 774 579
67 738 780
22 630 51
6 459 230
267 519 368
17 297 504
726 499 209
808 687 318
631 663 214
200 618 65
477 691 253
625 618 781
359 677 188
841 438 902
105 858 22
422 175 408
178 306 387
350 307 996
129 203 822
858 447 263
292 632 407
650 727 217
318 233 361
815 782 947
455 267 75
806 521 135
26 696 254
145 411 549
64 681 369
46 860 98
546 775 222
775 232 976
61 582 415
345 766 240
699 266 419
471 458 73
579 211 455
428 210 249
156 737 231
829 583 382
609 542 185
73 125 361
512 371 513
166 519 14
441 615 3
337 109 731
727 771 980
444 818 732
779 325 624
433 774 66
738 856 928
474 137 749
223 199 697
650 637 444
660 588 227
724 477 376
808 845 384
674 229 217
414 860 295
139 196 196
428 653 115
817 544 792
612 272 724
804 242 315
488 595 727
62 29 98
422 124 788
376 127 602
217 461 495
738 89 609
602 83 32
810 584 58
661 428 308
107 203 68
525 301 82
271 83 623
277 755 296
414 349 355
113 382 800
738 558 727
847 762 684
160 685 77
199 817 331
702 606 196
531 60 192
599 83 718
535 628 608
189 228 841
123 676 874
722 238 655
73 802 964
452 848 424
802 23 762
390 409 376
587 586 389
494 226 577
571 219 900
163 697 683
842 311 494
841 59 113
23 106 909
5 618 754
368 544 580
361 621 197
261 625 515
684 288 431
302 137 513
279 448 486
274 767 167
46 218 233
148 847 991
185 797 752
44 487 161
506 600 74
171 674 123
335 564 443
672 753 161
794 426 277
806 265 999
189 169 361
163 581 489
308 18 772
328 65 358
303 591 580
543 213 17
73 242 837
300 402 20
617 309 177
670 93 229
607 584 667
605 392 696
107 806 477
79 67 63
747 427 750
403 550 596
8 306 488
61 37 547
149 84 185
725 362 82
450 286 355
253 528 68
31 406 6
774 775 231
775 254 501
585 698 77
593 516 98
827 541 992
719 132 728
329 52 341
334 781 328
342 518 489
129 266 153
227 111 771
541 750 21
469 729 369
723 727 310
821 195 797
641 689 209
640 433 533
199 496 453
12 445 806
793 791 807
514 450 438
94 860 687
419 682 89
338 766 177
328 17 136
388 579 274
124 470 555
812 741 502
608 498 901
700 87 905
598 497 880
60 791 219
294 825 809
698 782 314
336 282 917
684 308 165
540 270 715
836 821 679
147 398 63
35 764 442
706 491 841
678 635 82
783 229 246
352 836 741
329 378 557
169 727 575
282 175 381
131 230 646
171 364 632
549 711 281
189 191 148
131 515 515
781 194 114
10 374 154
716 266 127
51 164 773
615 811 358
41 515 553
491 574 658
843 476 335
541 678 303
821 482 549
725 670 451
384 694 605
562 92 93
158 794 334
258 620 587
317 367 66
385 445 392
422 522 630
29 11 260
43 196 194
643 112 200
222 761 67
486 445 825
654 561 439
828 649 718
449 795 988
84 322 120
383 489 25
156 790 873
647 120 99
264 83 791
491 842 371
80 619 872
492 370 571
735 455 874
52 489 37
650 224 356
394 249 672
196 330 280
248 732 602
124 575 146
319 490 503
609 223 454
11 29 335
300 341 395
298 697 852
762 338 1000
703 781 718
358 779 666
248 351 504
149 791 621
210 625 297
47 357 929
694 275 921
172 787 280
774 550 356
83 33 681
472 828 64
229 205 133
789 35 965
143 838 603
620 206 584
352 144 969
348 801 580
418 262 356
78 102 845
698 472 929
389 785 726
354 472 628
348 654 377
114 579 79
692 792 6
527 795 570
74 6 839
700 37 638
46 506 538
305 611 83
323 792 531
809 36 255
148 441 235
472 59 148
764 278 380
798 190 449
552 620 833
661 711 409
271 743 641
830 357 562
527 132 40
309 145 867
73 687 12
105 544 472
306 845 567
483 416 483
830 558 721
572 154 774
581 279 610
657 390 446
795 439 260
82 154 947
782 285 201
761 611 545
593 183 254
764 506 153
259 832 977
643 247 287
847 38 793
644 56 102
165 505 685
638 88 510
263 307 867
402 450 414
788 204 366
472 380 218
597 53 457
121 704 141
492 265 370
827 413 408
672 574 823
801 571 22
667 619 660
269 393 815
578 138 872
57 147 985
287 414 135
232 165 911
257 682 137
342 587 101
277 35 607
368 535 925
221 11 73
380 513 728
512 357 203
589 120 371
492 66 359
315 706 635
690 279 480
200 47 709
314 194 167
68 539 92
446 528 587
181 720 407
173 365 638
827 248 795
766 255 827
250 215 622
685 639 682
135 402 2
783 84 143
349 696 50
624 364 975
408 236 353
39 6 155
127 267 722
274 59 180
261 366 447
312 292 349
206 616 636
810 38 812
833 503 109
402 15 616
668 315 594
311 485 910
78 501 566
633 718 191
797 529 252
587 612 712
187 430 205
476 153 278
466 856 489
321 88 954
699 630 769
794 383 536
145 116 337
658 712 112
559 359 441
576 490 370
849 206 274
6 100 32
62 747 940
474 332 642
157 606 306
255 219 650
394 86 769
479 714 573
398 123 489
214 560 34
449 272 759
447 455 842
751 779 991
166 602 593
681 157 510
464 652 498
632 162 985
333 553 630
418 585 941
710 291 436
253 389 289
90 19 255
306 591 536
28 177 890
266 383 466
362 364 891
734 355 820
243 482 910
691 793 468
390 816 88
178 61 701
662 255 413
415 160 859
363 390 306
794 611 752
301 267 440
710 354 487
221 209 12
130 641 358
460 72 733
152 698 563
15 13 40
374 641 55
600 314 301
302 87 790
558 146 799
343 148 269
728 191 861
459 797 793
456 284 666
695 195 539
576 647 775
638 416 625
409 160 140
486 86 558
266 789 41
722 440 828
100 181 999
744 289 316
600 685 260
43 734 715
332 364 875
547 19 954
140 718 755
635 785 951
245 443 368
333 643 977
297 394 712
44 535 142
429 636 641
765 666 46
259 277 85
181 412 574
764 484 181
269 781 216
415 376 428
513 620 913
500 273 570
496 743 916
59 755 282
502 296 679
190 26 218
24 366 729
168 707 611
513 746 968
58 382 970
811 283 492
461 654 628
186 629 528
59 115 252
706 163 134
65 52 387
775 638 521
362 466 841
260 660 335
434 641 185
387 391 960
219 858 200
662 852 637
834 853 958
554 653 193
368 607 195
105 300 290
800 644 522
669 585 93
298 247 399
309 655 679
160 811 342
860 116 277
385 740 290
762 48 516
577 348 253
379 61 375
291 690 57
329 635 981
12 171 703
171 310 313
650 462 473
711 382 370
746 792 582
95 333 752
418 112 210
579 265 346
587 443 596
1 336 474
756 371 793
270 416 925
678 365 471
356 813 699
241 445 312
409 716 197
785 146 120
206 309 680
409 592 647
263 245 908
210 407 139
265 675 801
380 493 936
127 817 312
267 617 825
191 425 667
713 531 360
458 35 593
431 692 954
850 436 677
89 572 302
551 635 546
362 49 275
342 152 11
761 139 399
767 646 453
434 799 819
19 589 769
547 381 118
694 727 983
613 102 873
698 348 766
147 803 853
278 233 652
211 669 596
108 530 674
775 273 457
319 560 552
748 77 819
316 165 210
571 564 419
747 286 683
587 184 658
285 847 365
75 528 190
187 346 110
248 2 512
553 107 899
556 94 408
24 245 864
44 210 46
186 697 484
130 448 604
112 334 280
260 88 458
683 247 986
348 592 653
58 519 211
308 307 560
52 394 647
7 591 135
47 153 183
196 447 624
368 247 85
627 65 214
401 778 848
531 740 651
605 130 354
700 49 606
334 63 837
806 15 516
404 732 201
582 75 362
524 579 336
401 712 890
454 485 762
798 730 334
465 825 911
689 757 222
46 513 136
514 700 905
679 759 29
498 241 364
369 838 357
33 308 534
598 755 302
763 389 720
775 415 644
122 817 240
216 200 961
58 570 101
597 229 749
327 781 21
814 164 653
723 672 863
121 103 245
386 106 70
386 24 532
368 317 962
237 81 144
396 306 372
440 256 65
326 441 679
550 734 47
31 110 281
417 157 207
180 99 473
843 91 776
769 15 313
53 134 899
415 612 470
355 455 584
24 266 208
454 703 788
1 344 869
246 568 378
199 223 98
622 104 851
449 543 830
53 564 14
387 328 171
179 181 697
711 679 376
585 795 479
344 700 221
453 397 928
407 431 678
411 566 116
96 267 919
832 52 769
381 507 8
450 61 68
734 415 424
604 590 506
192 738 768
711 487 350
615 509 215
615 330 747
536 425 355
186 142 759
454 213 528
193 594 521
200 491 939
489 451 71
58 46 632
15 420 310
301 549 860
422 238 794
461 592 910
183 586 465
653 9 784
102 300 607
263 146 406
18 738 294
58 568 361
110 58 814
329 306 720
433 515 873
431 555 536
534 183 304
424 536 68
650 851 684
440 232 273
533 8 245
342 360 104
487 349 209
437 180 750
551 50 967
174 757 919
477 336 422
279 660 735
195 437 448
840 94 183
293 225 350
234 98 325
60 467 550
443 292 579
454 511 809
851 182 783
25 276 424
388 363 274
65 801 904
821 250 237
774 284 862
213 63 719
687 201 715
547 838 357
682 421 376
420 561 837
44 360 112
770 344 275
517 70 752
607 317 850
364 754 1
666 790 545
635 174 200
268 501 204
2 844 648
244 34 613
354 383 250
20 612 419
53 771 526
94 696 793
754 688 590
506 655 918
473 687 998
786 525 71
449 584 395
114 286 112
145 501 163
7 402 488
142 414 623
223 809 976
527 780 689
351 261 625
471 287 421
206 753 557
379 372 650
347 675 97
466 552 60
730 129 601
656 521 698
601 846 685
322 628 726
795 557 126
266 81 210
565 543 46
625 252 705
394 591 640
175 444 137
103 25 444
582 799 608
578 14 527
89 377 823
400 398 52
716 184 341
59 456 701
270 42 76
56 486 981
78 223 194
745 453 868
199 226 15
719 692 728
351 246 879
828 82 38
290 575 674
246 817 137
367 145 560
190 410 867
315 437 12
53 121 727
143 668 544
235 722 791
778 295 594
51 586 691
7 296 609
90 502 780
62 207 198
75 245 756
245 389 439
410 806 507
150 196 118
109 377 364
305 126 366
746 567 248
117 526 227
618 344 719
230 328 420
69 108 601
469 489 997
729 598 747
454 18 671
129 283 856
590 717 877
490 641 176
435 207 176
861 54 243
685 418 645
601 609 870
521 665 384
11 127 425
7 55 266
705 183 729
142 517 953
515 704 917
217 715 411
370 833 881
348 63 180
600 834 67
504 640 714
379 681 894
828 795 446
317 712 194
598 588 434
682 464 139
694 594 822
112 431 878
533 462 341
235 831 117
447 60 255
237 446 788
445 222 321
483 761 739
697 612 445
848 445 598
10 531 525
785 634 348
235 498 89
558 374 274
374 709 392
537 714 566
433 414 328
167 755 65
248 249 550
769 106 141
195 292 332
806 438 639
103 849 576
410 263 706
397 245 537
434 206 529
677 813 565
817 848 809
89 92 612
721 195 671
250 774 122
440 445 542
855 407 554
339 442 112
263 777 78
436 426 185
662 801 936
847 723 357
423 623 15
265 309 966
350 425 562
299 249 575
184 402 279
586 77 348
759 792 946
610 486 549
133 225 428
383 645 319
701 807 562
50 125 307
669 12 810
168 26 502
527 451 926
147 787 885
209 110 675
92 650 598
795 400 754
228 253 53
100 696 33
70 233 674
450 234 495
56 156 941
579 117 756
749 258 320
737 152 970
778 496 842
106 586 230
719 530 157
612 770 855
808 427 771
829 496 768
189 695 735
510 376 293
152 385 909
677 252 910
608 233 965
803 180 173
642 832 973
293 195 797
564 204 738
113 192 181
750 719 462
568 550 636
843 411 511
470 672 760
77 314 443
69 181 823
553 710 911
712 187 771
581 675 374
306 856 655
679 114 502
740 388 530
694 26 109
13 257 785
696 665 201
56 178 451
136 703 765
453 7 709
832 211 110
43 512 435
706 499 37
335 817 340
692 570 153
355 750 479
302 310 197
674 582 206
635 807 609
826 445 436
596 550 260
391 38 617
326 381 935
789 154 95
605 4 798
335 432 169
436 605 353
203 208 728
699 247 1000
617 236 690
256 797 581
391 410 119
687 367 98
624 124 565
363 25 338
248 652 624
475 288 457
228 589 800
585 857 527
28 260 474
704 87 938
369 110 830
677 774 928
400 853 139
848 366 480
415 403 436
324 612 816
140 861 342
570 586 742
471 537 119
801 36 156
375 285 239
246 370 964
313 181 959
860 430 640
698 6 464
3 441 90
349 363 264
786 65 156
644 171 398
718 250 368
4 741 330
583 53 54
487 680 175
200 577 687
400 230 843
857 604 531
123 725 377
196 731 137
6 576 268
421 515 127
38 775 707
356 244 745
356 485 907
222 527 853
768 669 21
267 480 119
61 428 36
632 51 719
752 67 940
545 291 162
349 380 203
435 855 95
48 517 449
29 107 360
368 57 344
209 373 297
707 258 768
283 215 692
518 133 414
248 348 401
411 585 551
566 94 21
374 20 525
274 655 292
524 463 835
274 417 680
258 271 653
244 358 40
205 806 207
736 412 285
502 834 6
54 196 34
145 251 303
536 403 236
229 767 99
665 10 740
764 226 695
215 363 820
541 788 417
446 780 633
789 460 810
181 765 714
624 359 387
618 79 232
183 47 991
334 320 429
682 161 524
504 287 854
73 180 208
250 496 893
83 59 848
151 368 547
374 430 162
457 632 348
303 484 491
282 579 340
663 210 441
525 669 336
53 329 393
394 389 41
467 314 136
201 492 791
134 687 436
523 701 148
38 781 490
272 657 322
655 199 106
817 432 115
653 817 797
353 123 600
734 23 465
846 775 190
412 477 783
529 592 775
213 699 795
591 155 426
65 455 472
772 728 257
564 207 168
349 89 684
529 595 409
731 666 945
84 621 576
356 483 662
601 456 997
639 304 104
647 793 190
607 352 608
425 481 33
766 196 834
419 302 128
557 632 490
163 539 115
257 647 820
801 108 912
364 221 370
844 23 253
852 180 28
137 168 300
198 740 347
169 726 112
287 701 500
596 659 495
559 766 799
469 319 777
30 532 9
621 500 959
738 603 485
186 514 231
738 600 270
380 104 298
514 396 278
46 669 226
626 200 20
793 91 106
613 673 550
325 445 435
335 366 986
711 477 744
604 564 9
422 815 728
169 705 523
211 845 710
532 343 850
289 818 442
730 423 938
175 827 365
378 347 59
750 409 342
809 29 887
649 280 674
497 772 577
509 389 932
532 62 605
679 798 633
396 711 122
775 333 960
35 307 783
331 757 78
261 831 923
841 203 369
666 829 149
715 303 83
246 165 165
498 496 879
493 721 778
240 451 246
258 346 457
271 289 461
720 6 853
731 243 210
147 199 264
453 442 798
828 110 833
370 379 244
82 15 570
648 138 484
828 524 523
736 719 822
131 615 747
478 154 196
271 600 390
31 854 851
218 744 891
703 270 397
270 275 707
459 856 344
373 737 849
450 208 959
573 525 799
241 495 152
114 562 358
99 341 199
812 692 110
315 457 223
459 88 229
216 584 232
403 507 63
190 481 944
115 253 156
420 614 413
332 179 79
668 582 504
187 327 507
14 307 520
99 287 982
154 758 669
618 699 485
769 800 477
399 14 854
281 665 31
784 800 497
489 618 9
511 630 315
785 293 685
583 847 111
576 217 19
719 614 74
62 33 89
58 246 167
646 502 334
305 296 749
240 425 85
38 251 956
30 458 579
218 121 338
443 52 703
262 417 517
648 646 418
685 620 937
346 861 200
1 72 130
716 499 608
111 13 410
566 518 226
815 427 322
332 248 581
376 538 132
586 13 814
784 452 761
503 12 560
758 259 779
255 482 679
524 724 47
270 626 976
136 2 135
693 460 583
474 708 915
649 141 936
388 377 269
363 281 601
317 433 671
726 299 208
447 699 362
196 370 187
369 474 100
705 177 309
659 335 622
454 594 566
551 317 224
294 596 132
432 814 245
332 271 540
555 84 554
36 446 445
632 183 140
562 518 276
161 774 708
611 431 437
95 759 306
822 200 576
472 744 991
227 648 62
663 651 558
180 218 479
698 310 776
814 77 692
732 103 59
749 443 651
405 64 25
199 743 879
493 334 308
689 731 648
341 720 728
788 12 610
317 76 958
612 234 366
203 48 295
838 83 238
40 82 188
474 733 223
274 373 52
586 189 653
549 217 119
767 694 364
856 861 451
581 162 655
773 645 614
428 258 257
713 408 826
784 132 79
771 333 124
219 698 355
713 180 569
489 746 42
220 72 298
640 610 428
842 80 682
542 188 70
828 444 136
116 42 280
809 522 227
190 582 762
102 86 348
809 114 357
668 493 915
765 459 105
72 661 783
231 501 375
271 523 897
724 688 361
158 653 104
50 348 101
522 529 826
145 195 253
695 821 330
605 276 785
623 621 741
22 620 220
724 499 231
513 812 983
824 379 987
795 689 388
22 754 689
718 18 973
477 307 284
600 704 874
647 256 550
789 375 208
351 508 162
559 361 723
840 581 937
426 454 365
697 323 40
830 624 930
456 500 380
749 664 879
679 362 362
791 570 526
707 419 380
277 55 200
195 343 795
244 741 21
276 769 519
687 50 460
300 125 955
604 770 283
144 44 385
722 648 53
526 232 423
341 160 696
378 509 411
98 492 967
21 540 314
317 27 263
139 220 623
262 297 843
490 675 339
489 347 562
519 88 776
233 4 917
157 360 668
844 292 104
559 827 368
775 59 421
617 826 742
351 421 677
821 511 310
560 854 642
609 25 599
285 68 865
102 584 435
221 683 583
765 740 358
754 719 520
389 124 398
584 274 275
857 238 258
76 711 553
203 440 458
218 507 218
807 3 73
427 328 219
486 145 808
730 371 787
788 714 695
776 561 772
149 205 720
692 146 650
840 514 557
66 601 559
560 784 1
532 565 685
52 169 792
692 390 971
574 696 953
695 84 287
56 525 701
551 321 211
680 812 164
387 433 624
751 339 763
134 841 503
404 64 863
555 513 676
728 81 86
514 100 934
511 679 535
464 294 832
603 286 85
556 282 287
278 809 719
304 336 188
262 546 587
272 447 327
769 796 78
665 85 115
120 236 960
810 735 655
614 803 244
244 215 649
802 400 242
354 180 292
607 226 509
784 419 579
718 412 809
793 542 720
464 162 136
340 764 653
225 576 475
14 198 715
804 441 659
660 511 281
160 73 768
488 509 927
582 450 214
331 269 995
51 126 458
248 495 320
60 567 707
620 51 592
382 567 350
455 626 977
276 792 511
317 48 663
400 492 868
685 503 553
715 412 1
149 29 403
132 32 594
653 77 681
662 16 452
362 257 706
709 644 857
333 420 664
581 221 165
97 356 308
52 242 827
794 482 398
708 581 839
123 463 153
693 627 633
510 723 449
393 152 818
75 22 673
189 757 831
6 75 704
733 785 9
92 374 498
811 3 667
396 345 52
5 205 830
704 718 848
659 664 84
279 466 576
473 422 310
100 99 890
245 120 472
716 825 153
795 504 946
329 424 640
319 550 985
651 713 323
712 403 627
838 560 947
350 522 966
750 480 905
293 63 931
398 415 494
145 652 321
779 691 305
494 586 705
776 245 968
223 11 932
691 13 261
747 752 435
116 636 185
176 500 398
403 4 824
301 413 114
550 123 193
502 256 465
96 402 118
241 652 356
622 276 178
594 212 951
41 507 722
128 496 813
467 713 899
595 22 717
501 615 214
98 571 267
185 238 386
165 496 990
779 288 34
66 477 194
596 370 704
290 828 619
167 179 530
199 793 462
41 607 824
602 647 74
22 318 395
24 123 469
208 403 712
140 548 782
150 8 141
61 722 212
488 34 522
51 786 95
305 206 240
739 603 652
672 295 807
860 817 284
726 444 522
548 590 919
132 783 607
33 691 120
58 364 175
751 206 557
119 659 579
854 302 534
768 347 435
138 693 729
112 130 22
356 833 410
855 276 356
572 575 856
141 448 785
397 295 273
545 481 509
73 665 267
483 552 108
424 435 15
97 485 390
191 67 771
457 17 510
503 567 619
833 250 914
349 782 736
675 6 315
218 605 351
166 573 378
731 727 512
78 223 168
160 79 388
582 518 369
535 239 262
799 238 335
619 263 273
140 486 611
435 788 69
23 727 161
623 363 329
503 688 459
826 445 371
421 111 189
707 15 836
373 192 592
66 656 26
327 703 251
154 522 666
738 793 251
565 400 758
791 69 130
819 97 707
550 654 672
840 516 357
704 228 909
145 861 152
524 153 649
808 857 682
580 9 169
43 467 8
575 215 410
408 113 272
615 717 759
82 346 382
209 547 770
616 164 223
297 135 521
762 110 918
435 269 515
293 143 449
106 849 701
670 654 713
519 177 709
415 338 579
617 407 464
47 490 943
612 537 309
503 394 1
525 810 170
371 771 525
671 844 784
756 834 574
305 632 267
71 493 147
27 108 461
561 415 727
702 456 82
561 279 626
69 680 96
551 765 713
720 363 585
637 154 840
833 508 261
317 104 918
614 370 274
156 766 399
297 379 184
453 210 50
619 136 445
403 492 663
827 736 897
803 94 34
800 463 300
671 802 652
459 595 57
839 149 80
277 113 416
659 12 68
64 407 684
325 462 945
790 71 908
275 361 610
759 780 124
810 144 618
191 439 103
851 209 709
467 332 875
31 239 332
159 591 908
502 647 928
665 242 349
686 124 692
132 56 430
473 810 583
759 614 560
422 302 643
379 152 46
622 352 365
58 189 811
439 252 984
15 260 31
259 360 437
686 518 689
443 493 799
633 672 525
364 594 221
795 400 236
161 366 367
780 567 40
692 474 634
138 301 228
818 152 816
532 61 969
188 577 688
797 94 537
557 243 970
850 38 750
838 207 883
149 776 813
639 470 650
455 304 755
511 782 510
654 119 660
688 851 687
94 416 226
311 454 747
803 67 841
504 111 707
814 558 818
732 634 594
215 287 829
600 826 122
755 799 679
356 430 532
75 77 979
601 27 356
441 843 133
689 300 387
330 583 417
451 716 884
584 735 938
684 324 480
778 805 87
469 487 44
664 210 463
520 833 197
26 838 179
485 30 249
137 153 694
489 549 526
353 427 287
331 225 253
153 852 494
341 542 485
277 96 380
392 613 524
234 820 653
750 239 911
136 158 764
797 764 922
96 114 948
435 551 55
162 762 484
720 384 569
698 847 625
567 310 856
385 736 701
171 138 305
449 307 774
550 659 500
291 296 83
277 255 672
136 32 369
556 477 148
189 505 719
265 716 609
565 207 803
190 241 57
805 503 319
8 545 135
36 303 550
649 330 453
780 404 499
262 765 216
642 78 574
338 530 247
45 40 493
325 62 198
646 758 942
708 637 756
64 237 494
68 630 185
354 573 591
93 748 159
180 695 968
799 75 650
753 703 599
389 631 352
751 593 69
462 314 346
145 787 752
423 42 188
357 158 9
789 774 248
351 763 706
756 7 783
444 654 667
824 805 204
323 286 374
813 367 454
28 41 824
611 217 171
48 836 483
397 342 7
123 258 906
44 815 889
846 745 615
104 448 355
843 620 750
442 332 760
790 152 340
399 739 339
627 591 96
58 391 219
759 506 137
147 538 922
705 255 157
5 438 924
139 178 249
145 257 608
398 535 708
569 265 567
494 207 79
498 214 881
730 644 634
826 630 870
848 41 688
421 678 501
202 710 503
460 389 364
794 559 437
227 456 769
87 511 687
48 642 419
298 490 618
306 400 210
35 646 96
821 117 56
523 59 687
165 740 750
626 26 809
323 256 415
117 687 663
320 794 719
57 98 492
722 723 22
184 646 315
642 131 452
554 283 983
501 552 60
859 24 665
677 490 818
11 455 78
280 617 162
616 34 528
150 549 488
566 150 668
288 397 305
525 732 161
217 610 328
803 378 177
741 222 449
778 807 7
432 757 580
164 7 490
410 758 621
548 731 382
392 757 707
500 522 216
818 200 708
295 115 805
53 175 504
826 565 383
650 812 157
260 309 763
106 632 554
70 610 669
549 88 872
411 583 48
526 677 813
861 528 220
395 589 326
578 524 354
679 743 914
360 102 344
799 715 992
641 773 122
455 309 777
296 775 906
392 163 312
381 292 780
220 580 524
691 88 954
100 772 197
568 57 415
799 56 768
492 518 26
443 325 282
783 521 291
702 741 567
751 324 837
856 660 367
327 319 466
451 241 190
228 629 102
724 107 474
231 51 614
656 607 594
595 257 398
712 228 421
357 472 647
108 197 551
172 443 488
818 571 952
57 821 31
516 203 557
158 82 281
603 441 882
629 555 38
787 467 840
145 364 968
345 392 144
148 445 899
456 653 458
134 454 854
504 211 855
327 320 29
482 763 556
15 843 57
257 195 300
724 32 929
434 363 179
75 519 233
535 700 929
767 403 46
478 580 141
488 102 247
275 651 277
98 782 716
794 139 749
185 314 174
339 768 239
646 334 408
757 837 899
190 609 167
323 426 864
191 484 806
610 639 537
509 835 636
103 453 989
145 159 477
648 194 19
614 31 148
49 433 142
659 533 543
244 294 386
659 224 698
291 492 899
558 586 145
514 47 274
578 570 196
814 114 554
101 835 559
410 792 580
51 672 623
110 257 927
615 739 506
621 690 153
118 712 130
778 788 475
466 84 588
176 250 345
630 826 608
488 124 626
568 507 426
93 484 848
802 295 249
643 767 210
846 776 365
676 555 940
707 186 963
794 618 349
719 557 249
60 346 889
395 94 892
836 215 892
378 310 39
426 145 240
212 346 390
32 475 891
467 438 86
361 703 930
118 783 636
817 760 612
343 288 593
537 128 825
563 791 382
583 814 706
543 708 211
217 216 480
174 706 14
138 695 351
399 553 752
802 326 885
331 722 138
327 220 764
342 809 753
732 130 711
347 481 485
802 758 174
4 250 389
818 821 231
397 544 151
623 674 70
284 659 233
364 438 551
485 854 645
9 192 430
73 590 346
245 161 534
78 413 36
834 832 774
824 453 95
833 803 933
255 346 736
188 818 1
211 229 245
640 421 948
445 380 569
720 465 310
498 549 704
334 828 12
439 128 759
132 186 223
604 578 429
83 453 116
164 633 41
650 501 606
732 390 774
404 642 209
627 606 295
853 575 16
83 56 838
748 632 128
114 798 846
796 502 262
5 747 653
245 401 113
643 6 659
534 335 909
88 540 200
112 703 487
350 790 827
290 217 249
669 101 398
607 151 31
306 375 957
326 745 58
33 373 770
557 823 348
213 695 573
507 495 722
835 30 541
665 207 915
12 234 936
858 302 186
414 629 298
637 149 616
570 795 727
604 31 571
813 350 342
388 340 875
332 615 157
684 261 706
160 590 826
475 665 985
668 131 426
81 241 533
711 44 281
797 121 502
8 460 719
681 114 354
816 405 469
164 568 935
100 166 255
29 5 978
656 28 244
191 855 399
186 292 274
615 323 837
170 131 530
147 498 367
591 477 3
520 106 149
400 858 825
87 800 252
63 734 106
356 104 213
38 800 952
494 452 682
85 492 734
111 751 887
423 561 1000
90 379 931
845 782 155
657 819 862
536 695 471
744 4 171
187 620 11
659 598 112
246 273 471
309 648 329
137 458 589
20 24 822
445 190 371
135 309 825
652 639 714
725 81 689
701 625 422
231 118 600
771 544 697
459 13 974
496 749 387
824 553 819
601 584 739
280 525 603
705 62 525
839 51 359
70 281 538
614 5 184
651 621 862
497 646 414
391 689 808
831 306 142
831 250 369
303 723 355
517 11 864
347 433 389
407 506 479
824 136 711
562 837 699
829 142 216
175 28 798
392 587 484
379 150 386
772 717 212
83 857 456
740 751 427
687 832 223
157 425 587
214 244 312
109 575 259
439 753 916
538 665 885
730 403 205
433 33 839
532 409 841
9 569 424
366 201 251
414 280 353
833 465 810
498 107 79
307 473 165
488 358 340
369 737 543
441 652 343
422 211 920
143 48 275
82 124 148
163 11 90
450 540 395
676 400 818
732 64 367
802 229 56
365 745 188
575 830 758
793 98 793
87 293 1000
93 532 668
597 755 547
76 816 980
165 205 879
610 512 13
566 186 234
188 432 166
398 100 465
593 504 475
187 438 46
511 270 676
537 30 201
617 200 608
222 829 454
59 317 894
67 721 411
694 131 883
437 743 22
460 351 734
527 581 117
770 762 114
49 518 947
20 766 480
583 411 923
379 249 346
681 66 202
808 825 606
178 482 863
224 154 653
391 520 967
298 705 302
226 415 470
652 845 932
311 226 556
18 406 179
666 87 426
315 791 24
713 156 667
369 226 696
581 472 192
142 692 464
626 522 506
98 749 168
438 494 731
205 479 368
838 176 655
8 286 496
224 566 612
354 165 77
355 16 908
651 764 396
843 617 564
605 546 386
614 344 228
120 185 324
51 40 546
480 704 390
824 465 584
672 573 868
208 698 607
113 779 190
663 624 116
858 617 739
581 78 120
624 841 623
688 721 578
586 115 651
123 272 958
525 510 564
436 700 636
187 637 973
204 241 175
670 635 690
533 735 553
744 335 417
662 565 488
823 157 331
190 582 8
131 570 888
10 11 252
444 368 788
219 560 598
362 364 74
25 843 870
259 638 278
278 572 410
541 12 740
58 378 560
254 19 154
494 377 286
378 80 494
324 672 801
434 798 470
417 505 895
635 663 865
517 191 692
573 136 864
247 365 294
558 307 343
760 166 45
750 491 581
125 810 41
245 376 538
765 212 680
248 187 346
467 53 797
464 407 299
495 458 676
36 292 302
316 185 882
359 406 375
471 450 58
548 837 265
194 397 668
507 104 643
42 717 608
57 784 323
410 294 215
187 227 501
134 167 975
781 36 240
22 690 751
221 373 598
796 603 936
86 456 685
162 239 53
68 170 596
580 88 2
826 97 716
676 211 670
16 132 788
533 54 722
734 744 291
648 189 577
669 25 732
851 283 23
127 564 335
82 707 865
284 442 225
557 419 101
250 684 714
577 414 15
833 287 8
566 700 583
110 543 139
55 324 276
83 631 358
723 759 40
85 725 339
299 278 446
577 686 387
802 201 696
442 25 580
548 590 980
579 186 456
755 573 204
634 568 120
261 438 348
115 845 728
685 23 33
588 552 931
451 312 697
77 364 551
208 193 784
339 536 476
479 433 664
419 464 23
472 561 926
701 693 485
468 859 557
383 462 176
749 418 637
246 733 240
711 415 321
153 340 459
768 534 525
451 765 149
650 427 436
855 182 350
435 464 692
213 36 780
825 286 842
535 650 987
857 828 138
742 587 338
511 505 699
276 120 252
365 92 814
565 812 9
226 11 181
215 204 159
546 668 956
122 28 899
282 27 839
804 521 949
115 125 795
381 422 148
721 262 832
122 498 304
709 494 108
236 406 747
518 65 682
136 352 533
825 51 861
334 664 42
226 666 796
577 139 701
451 310 865
498 52 156
688 210 426
387 754 248
129 406 775
306 431 89
242 729 714
684 24 546
191 483 63
319 758 250
641 506 941
668 125 242
29 448 55
113 202 868
250 330 291
168 848 663
165 289 846
590 823 163
455 40 954
363 25 418
363 81 403
803 90 577
792 731 696
423 584 819
255 429 622
653 768 741
238 306 129
624 346 786
214 138 455
592 507 255
517 140 728
299 355 547
353 764 840
734 688 368
623 785 59
718 308 195
114 30 507
762 628 963
743 90 483
516 285 244
152 472 388
356 151 899
233 428 557
551 38 412
547 611 133
588 494 552
13 563 428
786 629 494
153 93 629
203 316 562
255 482 333
190 667 744
720 103 198
771 773 686
776 628 737
221 193 819
699 557 303
391 735 560
69 140 23
852 134 826
75 554 800
474 743 542
5 549 25
529 296 234
406 98 912
616 240 976
350 608 396
560 595 62
853 213 502
543 401 829
42 501 92
218 468 724
790 689 13
827 639 635
83 654 619
418 253 97
783 202 879
99 453 494
190 401 613
473 110 402
816 111 547
796 363 458
324 676 94
516 381 608
470 247 483
420 89 433
828 74 517
580 835 412
299 128 318
645 510 263
35 741 596
785 780 323
743 296 636
78 429 376
22 281 421
15 262 844
356 521 399
514 733 953
364 692 505
786 537 229
82 87 281
267 1 360
355 54 925
585 116 936
517 636 847
230 454 264
419 705 270
368 166 859
613 151 637
165 405 56
409 608 594
360 606 522
759 511 413
477 178 653
132 774 422
551 196 694
303 291 160
723 389 767
32 788 66
464 726 711
609 67 934
788 282 594
837 368 235
453 210 230
750 145 836
596 658 310
392 756 441
420 637 153
86 184 476
75 158 381
774 10 541
727 704 684
125 790 724
459 76 146
447 110 354
677 415 915
411 779 329
594 505 193
410 617 935
566 194 499
531 248 284
404 474 678
238 525 556
276 434 551
174 23 779
847 522 189
438 372 107
384 834 689
802 758 796
706 233 536
230 145 902
285 733 138
51 743 161
172 761 211
807 214 836
121 281 828
120 425 578
460 750 521
164 799 117
676 841 554
182 96 516
348 222 885
266 489 869
704 27 816
479 653 377
750 719 208
307 257 181
317 410 149
629 95 687
240 554 716
537 64 219
470 183 646
787 699 327
672 737 192
501 365 246
672 771 362
45 267 342
373 322 152
526 456 552
276 25 68
858 200 651
412 75 722
378 771 111
260 55 160
478 416 929
698 82 878
619 243 289
774 570 489
83 272 628
434 758 462
323 430 833
135 77 915
265 837 467
24 523 567
414 300 496
412 834 967
177 810 55
421 195 383
597 850 779
25 59 15
211 488 723
315 817 638
678 97 429
802 117 959
455 746 165
31 7 777
151 637 434
317 431 104
751 200 57
466 592 963
117 655 753
807 586 269
539 241 768
748 717 236
261 707 938
655 367 803
811 549 176
346 390 399
71 461 90
821 477 276
438 192 242
703 23 787
781 195 823
283 747 331
19 357 27
633 506 951
684 703 900
702 157 350
324 724 824
260 730 386
125 650 112
833 315 835
146 838 308
815 779 247
842 102 801
348 204 247
792 383 741
84 253 7
488 302 948
806 605 326
648 846 522
799 133 225
772 779 994
790 277 205
79 643 78
786 172 243
488 497 121
30 312 782
664 362 60
305 631 647
207 840 854
273 842 879
478 12 720
833 158 655
508 433 790
265 99 495
500 574 823
641 453 304
286 645 674
551 824 904
589 744 466
93 856 447
707 557 699
56 169 902
784 23 968
73 324 560
832 632 955
411 205 371
59 857 625
531 855 224
286 816 731
656 120 750
401 16 514
580 786 147
666 361 629
75 788 559
144 539 715
75 595 556
190 486 370
435 65 12
32 572 953
164 393 26
636 43 91
262 125 184
309 395 382
362 569 290
328 320 670
81 683 144
751 589 401
109 242 23
288 735 671
268 663 996
742 621 682
309 164 259
191 174 284
313 581 315
474 233 318
540 171 188
110 474 822
242 486 230
96 59 90
330 61 395
823 288 180
706 780 453
662 579 232
295 677 320
45 774 317
675 643 973
372 588 884
658 381 653
456 646 627
573 516 490
355 104 993
405 314 682
447 272 871
650 467 405
765 453 353
661 810 538
371 828 414
563 37 611
786 140 230
773 746 697
275 316 438
230 710 294
69 314 97
1 417 195
230 246 251
112 587 76
746 292 619
87 573 373
122 131 821
298 126 753
274 34 950
391 138 946
365 525 508
433 145 62
149 791 220
694 455 500
284 756 46
121 114 544
582 330 120
315 705 146
674 28 861
591 388 721
492 322 967
180 560 443
648 43 204
332 245 55
94 807 826
382 188 40
654 474 623
530 407 227
154 135 938
548 49 762
800 237 224
32 807 749
472 449 90
189 439 166
427 440 141