943 2874
234 326
71 442
535 513
99 683
922 329
227 437
670 625
715 818
256 456
829 517
166 677
280 596
356 169
53 480
565 59
613 2
487 934
867 649
503 187
190 870
753 132
623 785
898 167
754 608
350 367
133 869
542 526
657 1
159 218
821 835
272 921
276 787
633 591
423 156
9 732
943 65
10 16
534 769
828 332
335 731
140 257
72 727
588 250
918 368
847 650
391 400
850 433
119 475
414 857
200 48
18 564
651 171
233 501
73 107
71 569
254 747
44 269
220 911
348 41
749 726
881 488
147 489
55 688
416 922
818 804
604 879
604 724
186 489
266 555
665 840
63 607
708 256
229 254
283 887
693 175
306 227
571 24
384 477
900 657
8 842
422 203
391 546
307 807
844 156
75 236
495 81
633 714
559 53
838 267
416 19
71 711
702 403
151 626
724 358
192 63
851 909
782 265
415 800
576 867
281 741
600 400
521 913
143 326
358 700
899 133
855 563
489 448
52 780
36 70
718 933
648 846
673 5
505 21
371 286
833 351
731 879
454 358
629 164
647 89
591 609
852 9
448 223
362 381
860 390
696 162
721 645
596 940
116 249
502 76
693 631
693 34
549 77
670 51
735 717
442 292
628 658
232 656
194 123
468 599
382 90
227 357
383 818
792 444
156 35
303 316
17 182
643 134
366 740
314 528
354 228
465 431
319 550
511 453
362 356
473 287
219 271
564 860
838 749
933 636
450 319
124 247
291 30
38 542
224 107
79 872
724 371
227 701
158 818
803 187
937 283
496 650
208 132
475 203
756 549
760 107
351 661
657 722
362 254
278 868
383 260
700 202
259 449
105 235
821 293
533 81
443 192
941 652
907 260
107 735
803 778
272 893
772 475
375 300
33 573
548 641
72 155
827 407
188 190
575 818
624 855
252 904
388 139
348 591
366 335
807 258
600 650
544 362
204 173
614 705
354 286
942 312
319 49
430 12
778 921
71 490
113 858
76 298
459 434
422 207
371 107
26 153
463 529
798 929
602 411
88 338
605 840
751 468
494 152
99 853
278 51
903 19
410 235
231 426
771 238
204 85
232 652
781 366
584 54
107 233
107 316
325 141
610 128
649 49
61 216
763 607
156 716
340 401
251 131
342 373
568 756
462 827
899 12
16 607
651 809
781 389
124 648
343 931
911 774
237 242
863 578
299 934
28 248
158 524
30 321
606 309
501 89
902 789
146 639
549 923
381 377
181 844
916 100
833 706
423 899
870 295
104 343
163 895
894 681
551 888
75 86
101 661
675 730
608 535
73 711
538 334
520 306
794 244
888 263
446 9
47 85
859 304
481 123
537 859
178 378
724 657
268 309
306 397
400 842
234 824
167 588
113 241
928 561
12 644
894 31
144 250
733 131
661 273
521 422
575 266
710 627
28 516
359 90
786 15
874 684
478 636
249 289
73 6
552 634
147 117
75 752
10 780
452 443
536 835
385 51
846 239
830 101
614 310
300 605
122 499
69 733
713 199
346 85
272 848
444 868
318 666
666 929
560 387
49 250
676 812
200 562
820 695
431 333
415 82
861 62
917 764
867 222
742 355
621 264
16 276
115 821
519 180
43 842
176 586
603 536
802 637
826 354
849 67
815 722
381 59
932 701
807 661
806 742
257 456
895 940
510 528
438 524
933 847
338 523
579 792
143 930
921 568
133 205
27 326
452 99
314 891
901 381
849 68
614 622
207 140
689 901
551 678
806 127
257 817
367 1
647 670
466 134
10 148
246 748
341 678
432 58
648 931
891 175
693 290
328 803
166 128
886 281
525 789
506 569
532 825
857 671
378 40
837 916
86 755
141 722
447 310
138 424
198 134
432 244
610 267
114 484
522 306
870 660
28 321
943 266
437 109
383 682
634 59
762 116
740 154
547 810
567 541
608 594
238 123
312 814
903 639
700 798
282 906
706 591
580 729
599 6
123 749
858 63
660 873
592 111
385 477
666 16
480 35
889 278
686 520
707 334
301 582
307 745
306 419
330 144
167 614
248 836
491 774
757 589
825 513
171 752
138 191
763 539
33 58
403 408
632 568
263 747
88 75
196 212
587 19
148 941
650 497
814 478
318 148
263 326
378 796
608 363
204 688
338 821
121 425
673 340
188 430
880 197
882 217
310 276
701 318
265 714
820 807
469 677
915 311
934 172
354 836
409 701
587 8
914 645
609 849
224 71
795 528
723 111
780 222
415 382
903 585
753 174
57 476
231 95
852 598
853 310
563 519
677 429
165 153
404 169
651 216
616 710
930 314
270 267
644 646
39 513
845 874
407 14
343 750
380 340
293 379
77 73
459 658
244 932
62 168
31 518
696 82
72 343
456 620
681 85
115 689
780 134
884 485
728 24
66 643
782 128
32 543
682 508
821 393
378 87
322 936
878 664
339 151
106 323
288 403
736 257
40 654
610 294
426 753
317 10
868 934
103 690
441 578
272 458
695 906
154 546
765 236
933 182
628 751
590 418
666 460
939 166
744 441
62 492
300 399
29 839
265 590
674 841
826 195
535 311
137 241
269 586
684 919
337 348
375 700
508 259
678 606
195 219
714 104
823 286
756 436
2 499
916 835
774 710
838 372
161 371
145 473
458 96
506 197
672 278
13 919
649 151
799 333
176 410
31 473
553 307
590 317
385 674
225 53
754 494
376 109
428 187
266 170
771 660
31 366
380 265
845 337
648 212
372 933
176 878
722 186
76 783
595 93
338 453
12 339
603 493
586 824
309 703
328 733
850 117
686 680
467 8
692 26
897 44
330 304
6 768
742 62
321 872
430 239
235 814
130 654
98 122
136 856
584 55
714 647
180 31
291 52
221 901
848 193
619 408
53 440
205 812
920 904
499 755
245 27
45 142
488 821
70 777
346 549
389 535
551 781
897 121
876 815
623 632
864 175
521 149
908 37
909 892
327 401
845 638
259 826
112 135
616 242
541 913
47 429
696 124
182 177
39 754
574 438
802 326
674 591
125 441
326 346
897 62
461 87
468 578
267 226
214 58
346 866
735 396
899 863
188 398
737 601
319 222
191 789
634 783
295 685
22 495
355 65
799 154
170 44
100 917
489 688
329 177
369 688
502 3
247 691
70 711
624 170
552 801
241 605
223 837
277 290
836 44
379 459
161 423
16 537
457 166
250 644
723 191
444 420
192 437
191 327
875 904
732 714
417 528
90 374
421 281
651 315
360 582
263 843
917 468
774 455
81 796
471 67
742 924
727 509
305 897
505 908
370 873
350 94
99 263
499 170
941 906
468 592
70 274
384 601
204 519
354 798
135 281
581 174
490 161
751 201
607 131
331 121
667 86
763 385
218 96
92 727
843 297
86 372
169 247
167 420
741 116
101 346
753 430
664 820
370 864
741 197
209 193
599 700
708 914
657 235
234 332
883 943
771 818
703 349
909 23
463 676
879 439
931 463
491 42
494 101
484 462
394 367
532 73
54 936
368 505
810 573
26 934
744 175
557 207
124 81
87 351
277 825
54 91
386 212
499 325
647 868
651 23
654 629
675 157
398 393
366 663
221 293
740 583
752 386
743 47
418 852
899 629
365 518
759 544
73 172
227 38
455 667
632 77
824 450
146 759
916 503
494 223
321 117
67 308
586 15
551 229
241 633
420 451
772 930
831 117
27 124
16 517
623 247
930 49
203 287
41 72
685 346
603 131
824 108
308 389
875 212
384 872
593 142
756 334
167 450
703 284
743 803
175 258
456 704
787 644
628 459
367 860
805 521
760 67
528 943
360 603
698 249
315 244
575 679
29 186
909 367
180 277
772 791
79 649
427 50
802 593
694 601
499 570
244 436
748 447
337 883
642 332
823 545
883 279
909 891
298 611
80 434
26 217
815 300
195 332
568 540
774 309
940 760
888 238
506 881
340 680
255 597
40 239
459 743
868 252
893 212
587 777
931 491
204 351
703 258
463 553
69 674
91 256
146 736
10 835
650 821
431 641
531 815
590 917
683 24
44 49
336 312
562 756
177 883
71 378
736 372
367 149
739 468
795 531
170 601
62 54
780 223
714 705
554 406
475 828
296 15
264 643
216 890
71 408
425 665
611 424
115 143
476 298
285 751
271 698
293 862
222 943
278 344
118 27
683 732
200 286
715 538
276 520
320 392
161 836
613 325
820 77
162 848
419 182
206 210
632 805
100 398
871 228
914 9
695 908
334 182
429 524
303 578
615 195
291 631
663 418
154 327
174 800
912 820
732 396
491 108
533 77
257 724
440 372
516 925
864 934
833 342
799 612
926 116
61 787
914 829
546 822
140 182
881 314
695 19
550 361
222 782
375 130
33 658
820 362
389 543
438 765
609 778
597 364
639 22
636 37
341 596
416 58
288 879
813 273
304 576
639 727
416 937
768 446
363 226
512 57
28 555
363 361
832 400
248 804
674 728
818 671
149 826
510 309
116 387
890 576
322 180
530 497
537 289
701 35
545 543
103 98
429 374
142 74
674 112
42 166
209 212
377 128
639 248
325 533
198 301
400 526
183 838
185 419
793 694
461 608
614 558
425 538
335 630
196 774
508 733
458 25
521 362
483 905
595 76
416 387
196 420
722 684
159 399
456 94
664 931
220 596
151 769
833 170
547 741
472 126
395 921
610 489
920 817
758 364
244 863
671 241
17 547
35 220
275 736
628 178
112 695
135 674
686 470
924 293
193 341
156 732
250 603
750 848
312 912
683 316
166 885
544 902
37 767
175 338
125 889
107 786
419 433
673 684
207 665
509 405
146 305
199 569
572 181
759 800
376 837
580 680
693 13
842 223
2 6
261 454
63 691
582 606
72 649
508 578
916 659
847 873
227 4
514 467
879 674
807 795
422 255
740 923
872 564
601 128
247 690
452 707
329 401
110 931
127 542
5 702
337 659
28 241
361 820
413 787
492 345
234 813
308 52
240 334
906 449
108 796
750 200
823 146
491 909
555 487
920 104
481 492
49 797
347 789
892 726
235 61
107 768
91 586
858 320
315 296
723 407
760 475
232 111
213 211
219 180
552 802
865 183
367 500
576 14
6 673
354 11
283 13
378 456
683 89
759 274
135 649
669 625
529 454
869 52
835 774
486 886
801 682
36 929
501 757
176 548
125 490
424 901
787 728
455 371
536 611
519 313
280 492
690 53
84 804
511 487
520 588
278 283
815 96
502 293
694 452
90 382
150 565
776 677
193 127
140 239
328 407
106 819
844 583
114 731
220 447
372 317
377 379
788 818
73 760
387 866
390 754
730 416
90 470
881 449
356 256
501 75
670 804
507 896
755 18
848 336
406 438
764 860
566 206
18 125
609 422
611 390
270 84
117 870
722 456
462 386
321 543
178 384
75 197
279 386
617 311
446 43
837 148
930 552
76 407
114 491
228 359
380 560
841 34
824 102
223 665
440 901
224 44
27 337
221 384
690 850
547 144
511 865
99 793
797 584
143 272
212 255
655 448
273 66
883 578
900 566
776 39
872 678
852 463
526 87
106 169
857 631
127 656
732 466
328 824
789 474
239 66
412 658
559 149
814 903
121 871
485 206
308 390
714 253
468 882
933 403
646 474
561 9
161 121
345 452
551 705
645 146
149 93
795 742
816 827
161 490
550 730
73 806
572 102
537 60
276 80
350 59
338 611
742 520
601 932
536 574
177 234
88 70
749 367
125 522
826 34
38 340
524 523
523 533
124 409
343 775
15 730
260 134
327 99
510 193
667 718
596 728
671 912
448 690
893 331
55 495
93 368
919 492
399 817
600 564
505 381
636 492
217 779
915 198
882 47
420 498
61 650
623 307
693 394
16 175
144 500
309 401
664 715
792 426
573 816
300 674
245 756
617 443
565 187
661 36
258 279
792 910
595 34
297 811
893 324
345 470
541 820
751 529
167 53
250 22
251 908
359 103
716 901
238 321
117 294
285 199
673 1
175 58
855 698
318 823
923 934
235 443
933 507
518 177
909 843
594 331
423 578
937 401
523 656
637 231
121 302
675 215
406 756
643 599
517 434
494 248
829 352
850 39
747 824
248 376
672 37
12 75
750 425
551 637
56 149
239 570
206 607
835 365
895 399
201 860
593 266
663 277
149 330
462 884
283 354
677 904
549 414
328 238
934 498
900 755
885 278
600 410
895 539
199 607
2 185
866 271
149 113
188 359
560 824
392 666
691 917
565 569
147 400
931 164
851 69
173 209
943 925
927 823
285 664
710 508
52 645
453 353
203 601
152 542
88 464
637 733
656 68
105 706
308 749
384 263
275 421
441 576
390 493
85 907
729 328
557 621
82 520
591 173
99 758
810 931
319 302
11 105
359 711
172 188
815 176
817 704
195 783
363 145
642 115
941 197
749 146
606 126
402 712
664 11
44 200
209 134
566 182
169 636
777 893
351 662
339 643
583 924
789 408
562 844
762 689
33 631
471 489
544 905
173 393
107 720
199 693
916 630
477 51
757 310
43 642
267 613
912 150
146 883
565 728
806 45
866 280
123 637
208 13
190 141
506 821
771 279
292 207
628 180
315 858
119 110
103 191
384 381
354 197
906 107
711 315
459 389
894 667
206 736
118 349
600 630
543 865
787 341
453 638
123 384
700 575
204 910
278 635
62 308
561 512
905 649
911 252
87 835
312 493
203 827
866 130
465 750
744 570
714 862
551 58
111 84
518 906
512 75
83 184
306 617
721 590
43 752
302 92
52 277
435 561
756 573
885 41
355 892
123 136
326 496
127 938
159 711
555 592
918 578
284 471
697 442
794 394
831 372
444 519
391 8
395 902
566 39
629 407
58 596
899 118
869 402
504 164
479 468
911 938
218 938
790 252
115 522
721 155
740 875
306 313
254 451
76 620
790 111
919 130
314 140
669 449
872 168
17 858
809 665
504 848
70 127
604 662
493 230
705 765
344 452
178 843
435 72
327 174
420 796
664 413
812 749
210 773
63 421
164 599
287 726
842 206
399 296
864 740
904 848
227 164
36 751
501 120
726 222
770 937
400 836
419 567
884 417
903 647
502 539
579 469
30 415
922 202
831 547
606 68
262 818
286 227
549 236
290 852
368 92
4 218
647 222
833 38
112 551
143 561
112 81
739 396
833 825
939 702
585 534
487 377
843 346
330 686
810 417
222 766
687 750
895 587
609 428
936 236
56 695
454 347
311 230
613 509
152 884
651 16
122 46
582 103
655 667
328 374
755 100
8 478
706 237
725 703
376 98
714 893
136 916
817 226
653 409
910 601
159 208
84 372
349 738
479 695
499 13
120 214
546 773
28 620
232 69
512 55
922 932
490 511
127 573
664 829
739 918
561 139
835 734
269 679
915 35
187 308
95 286
743 610
484 189
546 78
622 511
881 519
589 206
76 487
21 797
338 400
501 289
128 766
830 236
798 288
160 825
195 919
469 348
507 921
110 504
536 633
333 167
153 206
426 20
887 378
463 425
504 54
213 300
251 412
773 645
282 160
581 135
623 316
208 9
114 831
426 253
673 351
529 50
782 796
107 74
52 908
787 284
174 33
277 476
560 712
598 580
178 870
893 290
770 610
642 815
456 230
495 79
500 759
512 335
397 654
697 120
76 390
816 384
300 318
711 796
383 746
30 230
823 199
54 373
21 372
703 840
724 451
484 485
86 271
911 287
162 353
823 116
435 943
387 166
117 230
140 680
122 705
106 152
208 382
226 446
523 467
603 848
124 290
881 601
147 493
172 373
184 372
618 456
837 618
550 491
612 785
577 399
852 586
467 91
880 247
305 279
476 678
93 848
705 483
744 141
52 212
569 486
705 742
8 274
184 159
512 349
357 364
184 51
496 266
576 495
619 903
596 309
852 159
600 858
656 540
397 838
490 245
915 428
437 560
595 609
65 97
14 671
914 12
273 924
201 463
191 82
78 7
925 332
501 286
197 923
567 89
247 438
334 363
398 459
800 789
912 73
660 769
936 660
412 519
362 931
108 246
236 904
895 460
592 888
462 126
891 399
504 891
784 290
531 145
914 925
917 10
149 112
615 854
134 890
806 545
412 179
727 111
155 38
476 144
27 811
831 298
335 273
756 254
25 26
355 137
753 583
375 346
711 657
383 394
560 816
907 37
923 620
638 73
927 741
166 488
383 283
789 516
902 754
533 921
18 877
887 150
57 104
90 197
734 48
576 190
334 674
405 562
800 1
125 938
506 811
341 805
40 720
422 549
132 256
499 319
158 402
598 312
467 294
488 556
80 744
100 867
924 320
174 340
490 284
452 491
442 942
118 347
135 785
691 228
42 574
761 565
536 689
408 784
831 496
137 777
669 32
600 654
759 754
37 540
573 15
560 12
177 497
105 353
195 566
611 436
608 280
792 79
463 541
126 925
586 509
345 259
751 464
544 259
848 422
560 805
540 414
210 793
173 163
558 104
838 159
416 210
487 914
914 583
52 853
500 559
249 131
907 551
894 134
366 607
41 308
685 153
869 7
65 174
154 732
512 422
107 705
19 269
6 879
120 767
301 845
467 479
313 466
699 569
479 762
744 222
130 49
586 119
326 497
553 435
19 52
792 809
245 207
445 850
262 616
251 47
862 683
314 901
404 444
831 375
579 486
317 835
908 733
109 545
252 919
772 444
336 740
10 720
152 3
394 786
620 333
80 46
631 557
796 518
766 859
206 50
767 584
91 507
718 926
684 108
225 206
886 680
870 757
523 509
262 611
781 721
346 167
40 603
594 820
633 170
922 550
737 453
867 365
492 32
19 283
145 807
4 77
210 188
691 192
220 357
278 920
834 850
861 630
38 866
366 367
732 355
316 512
542 857
136 880
11 275
363 747
517 208
630 635
811 319
687 736
458 501
653 358
655 907
487 5
91 299
848 499
901 375
665 747
926 218
910 767
481 572
843 327
453 940
718 562
101 532
748 747
105 639
214 75
342 545
218 134
660 849
920 82
779 747
176 329
695 90
144 648
576 898
827 231
418 117
21 229
571 567
50 658
319 272
820 832
610 386
385 298
797 741
173 128
853 51
817 690
893 92
712 472
422 618
314 355
336 930
427 637
489 835
251 203
235 590
821 203
234 919
346 176
430 118
78 363
587 903
54 272
922 926
596 233
706 633
253 772
56 703
439 912
668 395
390 747
512 370
363 192
22 539
200 691
58 798
936 690
815 910
634 646
133 524
416 123
165 272
519 166
468 375
9 201
49 149
104 842
490 340
364 555
770 367
114 715
355 207
852 737
861 148
455 344
184 794
298 88
813 220
340 796
618 436
451 39
806 304
93 614
441 253
313 816
759 901
8 461
778 132
742 861
525 494
854 44
285 436
745 415
162 843
488 739
894 829
538 414
790 540
20 770
35 440
553 736
861 295
633 901
150 817
614 389
109 648
171 211
176 230
622 80
343 10
253 320
863 302
321 216
338 496
121 683
693 837
414 382
822 220
328 251
491 601
459 486
938 607
408 179
27 916
655 419
696 48
718 742
849 789
387 169
575 344
99 147
691 896
109 491
734 140
868 723
770 688
189 126
744 22
337 736
531 335
199 837
310 840
537 180
910 907
99 479
66 577
103 641
833 654
795 499
318 470
708 218
247 718
912 181
415 258
511 341
850 481
151 260
175 825
714 935
112 418
925 547
909 756
783 389
932 555
49 777
544 879
286 279
417 913
89 684
265 211
200 909
771 566
721 647
78 505
833 123
170 382
772 2
539 265
705 766
32 515
764 95
602 110
885 530
112 552
684 51
832 172
406 499
943 852
337 920
51 854
34 920
275 414
538 498
871 509
135 608
337 809
564 931
719 548
31 915
654 889
219 838
632 45
65 490
157 388
686 518
29 53
197 72
52 784
471 100
203 420
865 741
597 449
581 210
142 257
625 323
290 579
719 872
252 657
396 782
607 196
451 564
760 250
731 126
714 26
147 225
882 651
665 668
453 238
890 725
800 122
231 442
50 719
396 410
91 844
809 560
312 15
238 710
332 114
79 710
559 200
801 512
363 147
717 865
437 852
518 338
23 31
577 556
673 848
484 644
788 626
490 857
202 571
404 678
900 739
467 916
670 909
784 844
786 608
548 647
695 101
275 614
403 80
577 208
228 910
444 835
247 935
250 926
432 295
171 351
274 360
647 738
600 339
926 474
68 297
344 359
234 839
127 243
929 64
58 259
188 85
44 306
623 18
124 512
624 504
737 191
408 552
540 273
248 295
447 260
303 190
274 464
756 124
331 724
123 252
838 720
838 165
363 685
681 155
522 747
941 164
814 82
528 514
543 538
93 50
253 439
755 45
166 881
61 815
762 652
123 513
217 606
566 909
553 687
934 929
520 288
667 230
213 197
213 624
236 234
399 430
459 2
23 243
387 770
562 566
248 157
285 158
857 517
345 179
589 794
679 114
423 485
599 780
658 299
736 289
421 223
935 452
149 373
924 234
250 522
330 662
583 178
865 646
294 635
171 687
264 848
826 765
428 611
176 396
186 408
897 630
89 756
772 69
884 706
3 682
902 895
431 701
553 434
387 709
390 851
118 116
465 168
583 719
821 673
168 127
847 303
557 732
66 300
194 793
146 728
752 787
470 202
892 412
896 786
577 810
895 753
122 19
62 601
622 732
717 354
347 475
777 597
482 382
799 241
527 412
468 106
90 363
1 348
918 129
95 437
812 534
708 317
267 49
472 167
861 37
770 392
202 397
294 287
287 582
579 127
691 268
747 494
70 209
867 79
354 477
779 43
868 604
626 203
731 473
758 777
316 276
685 829
597 43
670 356
708 575
469 109
87 402
862 666
8 620
668 349
932 81
154 893
708 292
235 746
394 690
490 943
858 903
400 443
238 96
612 277
393 39
943 684
32 603
398 702
77 580
788 466
475 482
347 553
294 645
850 887
779 807
279 510
628 696
106 202
803 311
311 791
480 914
41 234
423 30
150 690
778 692
67 701
857 149
643 526
410 95
186 85
793 3
827 167
287 480
910 711
569 455
932 698
76 516
170 800
801 898
16 70
242 98
329 334
58 788
55 682
395 28
44 364
524 499
763 848
839 735
182 701
459 498
576 840
942 363
474 887
169 582
628 532
648 586
481 783
558 492
64 624
355 87
180 626
434 789
163 699
148 603
884 813
186 632
904 419
289 369
648 509
867 243
337 525
727 237
488 613
549 616
396 885
224 506
739 886
612 200
561 416
212 734
175 257
107 392
548 631
328 392
213 120
368 500
938 928
577 926
229 387
746 127
43 197
187 537
211 450
598 690
250 548
715 47
552 603
537 771
721 836
243 136
562 342
728 146
488 620
434 622
788 94
112 215
147 773
847 651
538 517
735 938
174 558
125 506
162 356
127 1
660 589
497 627
77 898
893 369
617 149
157 447
743 642
648 166
905 925
586 133
588 814
607 553
664 369
666 29
388 516
776 757
392 906
634 649
762 844
708 538
215 384
911 935
399 132
777 542
257 543
286 297
759 562
190 283
300 130
14 178
397 366
329 67
839 711
461 582
430 195
911 523
3 303
249 35
453 371
865 83
791 335
444 45
448 541
417 450
273 339
77 408
812 410
446 232
678 567
236 811
705 587
762 825
91 144
305 358
720 136
579 418
659 544
567 507
366 285
297 205
706 892
323 640
563 612
420 624
845 70
931 304
902 600
319 468
817 493
512 520
859 739
180 283
127 587
240 203
934 530
773 266
402 563
475 107
495 937
23 411
669 495
653 203
505 765
583 398
53 736
534 763
134 606
466 573
231 816
215 431
36 917
346 720
901 755
242 20
166 465
860 87
261 340
609 900
75 403
757 158
100 25
796 558
858 560
640 400
811 906
761 401
889 324
211 538
32 408
693 482
918 762
897 818
97 476
83 823
744 923
503 146
51 277
252 229
755 659
611 333
349 873
706 564
191 90
122 319
413 460
269 327
395 63
740 225
43 550
262 174
636 434
618 709
934 671
403 443
825 537
857 587
319 887
450 313
269 414
347 534
684 34
280 232
942 304
816 575
907 261
902 431
412 535
466 318
805 531
495 129
807 883
246 789
261 128
482 418
28 551
908 284
175 879
786 42
290 199
897 408
278 701
739 22
40 321
355 842
103 50
487 103
18 262
112 916
132 693
318 839
63 863
692 506
73 93
932 584
292 389
773 722
321 104
55 537
691 121
490 282
509 644
130 622
59 918
321 438
149 434
51 733
582 779
856 873
905 772
339 192
250 934
586 67
434 724
897 660
24 616
386 147
706 178
82 888
467 762
783 42
103 87
570 104
319 397
612 683
595 96
375 434
897 377
567 435
423 205
741 82
890 892
102 532
892 820
324 534
91 382
751 905
236 893
594 542
476 542
155 119
856 488
836 253
33 236
435 602
316 629
924 884
265 120
179 673
937 812
94 422
476 507
484 101
399 576
894 23
414 776
345 76
643 533
111 779
939 430
134 379
926 54
158 269
290 208
773 336
338 939
462 466
540 914
575 736
135 297
267 881
507 155
470 269
608 884
716 493
348 714
111 94
576 877
78 710
318 284
765 536
344 662
58 396
314 431
881 830
616 796
760 357
155 542
239 259
342 359
30 249
322 923
233 456
235 358
165 489
594 931
774 232
742 363
279 491
373 508
107 221
456 595
910 586
810 97
938 811
389 407
564 603
675 632
14 113
669 465
899 671
58 407
331 223
773 583
479 784
498 580
48 161
871 819
804 419
825 469
347 873
168 133
795 288
726 791
838 317
430 702
876 333
290 85
645 339
702 203
313 369
331 480
829 732
829 135
110 441
852 547
689 199
928 921
396 70
589 560
861 790
644 812
594 265
667 197
557 426
176 434
111 322
260 676
579 587
194 10
68 631
269 231
105 759
777 582
134 69
559 305
639 424
289 940
144 854
271 884
630 911
134 537
856 888
571 585
282 691
467 771
480 928
83 604
210 319
428 138
212 431
140 444
7 527
774 739
2 265
354 351
7 198
101 39
86 142
750 684
329 651
648 764
593 346
42 224
741 23