851 1798
573 607
775 568
371 654
764 372
306 329
787 384
756 430
498 823
652 591
68 467
474 451
737 593
408 835
83 780
290 465
36 256
20 653
24 787
12 281
350 592
432 236
491 497
241 135
92 816
193 367
695 641
403 257
794 76
623 798
313 57
82 646
427 222
653 643
379 626
655 469
55 259
13 181
379 22
590 586
299 226
303 289
475 850
502 649
746 110
506 779
434 831
738 337
722 247
27 65
446 533
361 783
714 781
439 163
151 32
45 605
318 325
320 629
323 666
380 6
21 378
340 478
756 19
814 194
45 202
608 725
313 293
39 518
714 820
27 570
378 801
426 664
426 213
764 718
252 71
828 114
423 128
817 637
286 55
274 176
444 506
717 564
123 758
452 362
71 366
296 673
460 282
331 594
335 442
428 53
107 43
91 655
850 615
428 196
162 504
359 230
627 101
294 57
632 269
851 621
804 267
734 763
452 402
242 12
477 488
483 266
850 456
176 743
243 267
533 224
259 449
501 511
532 658
440 256
42 732
539 182
690 348
232 557
811 375
174 109
433 749
370 16
211 7
506 156
252 451
662 455
496 474
60 315
562 222
600 650
250 594
16 305
173 826
412 623
36 347
723 510
834 730
230 146
90 122
716 167
353 549
433 58
463 401
770 155
390 680
374 406
419 200
632 401
266 281
215 291
589 466
738 728
62 845
487 448
734 270
703 687
5 728
135 665
404 718
404 432
17 139
644 816
328 601
239 182
351 649
801 433
820 331
325 494
524 631
307 297
203 133
594 389
256 382
265 699
639 583
396 621
308 130
458 172
595 280
351 827
10 251
490 22
540 740
417 529
495 263
480 548
119 443
265 152
238 95
572 798
250 415
125 76
661 395
515 771
431 248
362 657
200 122
175 135
490 727
456 16
681 6
521 583
228 137
375 810
565 193
624 643
783 629
400 445
660 126
95 699
603 649
478 622
613 582
123 147
848 20
814 450
841 480
604 753
75 485
594 728
5 589
197 469
839 810
677 273
143 222
40 447
594 71
761 337
262 445
190 611
225 199
33 462
751 651
457 400
810 404
711 706
823 446
308 300
535 490
763 835
636 757
711 158
95 650
717 254
590 372
190 393
540 712
265 510
378 337
234 448
200 368
220 659
580 454
156 395
379 306
823 439
74 146
292 45
276 796
634 426
730 268
146 205
348 305
705 90
318 713
9 707
53 223
373 472
433 264
414 640
717 398
613 205
834 87
451 700
235 21
291 346
520 506
189 582
207 155
690 67
5 513
507 111
660 574
106 704
621 159
315 123
801 174
802 20
162 833
42 526
224 63
524 220
508 818
548 615
365 126
94 153
442 275
379 507
445 151
745 62
563 35
59 388
491 12
705 771
597 277
129 101
139 818
49 379
412 358
769 53
402 566
647 763
830 681
657 639
358 739
272 762
740 468
216 328
683 643
798 74
305 268
291 826
515 401
629 472
585 770
134 751
73 118
591 331
463 743
337 12
17 36
266 838
105 732
346 734
758 92
745 787
320 317
283 163
17 499
678 551
299 502
638 543
337 5
691 508
360 418
323 397
512 364
648 393
578 493
317 64
215 422
186 725
581 422
110 571
499 192
599 653
731 599
515 89
756 408
284 456
313 424
777 89
227 238
357 777
823 747
230 770
545 649
837 154
550 666
75 51
240 647
633 637
25 715
190 143
176 671
770 848
221 758
224 139
82 306
798 132
286 786
35 622
845 290
424 706
647 417
833 314
483 791
205 819
24 257
640 629
372 829
711 95
414 101
117 270
412 752
473 19
436 129
404 426
596 679
677 61
164 523
402 823
791 37
832 58
542 590
324 528
493 304
443 581
351 643
81 512
775 77
376 68
267 439
125 343
170 553
9 263
83 191
144 575
659 445
489 770
775 371
476 659
405 340
23 688
161 430
324 352
327 398
691 543
461 185
395 64
353 655
823 719
60 39
185 773
313 243
776 10
650 345
816 161
501 201
375 117
630 757
25 426
118 66
752 579
369 728
696 725
117 59
725 598
219 138
205 499
758 828
376 490
440 775
198 324
792 827
30 714
36 277
250 514
611 667
584 809
211 265
618 817
144 548
163 234
153 845
196 98
107 498
532 622
627 278
392 599
11 191
490 588
418 746
129 808
663 480
624 556
644 329
339 453
698 715
681 594
578 667
504 371
273 413
241 576
441 825
572 409
503 188
604 343
399 170
662 654
775 319
356 562
420 124
8 748
280 337
198 372
788 169
457 241
765 721
736 367
423 440
775 167
16 207
163 535
589 702
799 782
29 583
272 582
314 31
705 613
605 655
54 414
540 30
685 600
500 757
12 44
220 143
494 448
525 490
106 34
785 50
490 712
696 286
828 317
131 535
51 751
566 210
80 434
621 13
787 400
372 391
586 605
418 187
789 493
151 37
487 807
329 247
19 655
652 784
708 258
263 470
266 374
197 771
435 8
516 649
313 177
739 246
711 132
311 538
827 485
824 605
237 67
827 760
152 90
524 568
528 699
436 786
182 193
610 558
66 247
391 538
381 426
423 382
262 184
371 303
735 444
607 124
404 25
814 51
449 624
251 115
124 227
514 183
455 799
311 667
406 508
136 752
639 380
397 833
342 793
163 44
749 320
790 668
574 39
851 264
279 292
712 525
269 163
279 14
154 158
30 755
342 618
492 374
183 452
462 208
617 84
467 135
400 60
739 713
229 348
639 202
783 241
789 661
849 455
781 496
450 544
288 331
713 683
847 618
849 653
538 845
557 159
209 388
796 600
670 748
2 360
634 286
34 482
809 153
266 209
612 471
833 73
283 40
607 43
735 102
186 564
691 452
851 193
335 848
69 329
92 43
755 208
411 103
431 573
290 194
684 279
101 713
430 304
413 371
716 364
593 511
813 348
547 368
776 349
328 847
196 420
264 727
608 539
476 203
336 643
605 162
116 401
138 104
198 637
576 786
594 401
559 646
140 203
86 599
697 291
326 623
799 489
69 204
253 575
474 162
809 107
80 53
746 189
340 196
234 802
143 731
262 33
264 448
439 236
542 248
670 390
90 276
663 246
596 734
551 203
551 278
274 318
102 840
602 42
682 716
230 91
784 654
681 308
26 321
691 807
504 827
639 271
589 625
791 171
192 232
673 364
256 495
576 14
217 846
110 237
272 239
628 722
9 423
724 666
491 798
87 106
698 61
113 62
21 328
499 600
6 20
462 1
409 241
630 386
96 741
206 622
374 522
655 282
587 557
417 226
833 365
134 65
320 600
448 114
13 603
603 336
145 586
19 621
169 658
603 538
291 416
22 304
703 369
526 218
160 810
178 393
404 571
333 705
139 318
328 778
566 384
436 816
828 273
339 452
22 605
421 667
478 115
545 214
834 782
766 76
659 658
545 434
413 652
270 608
745 415
13 24
821 641
553 616
147 324
313 44
296 617
291 795
502 536
526 281
275 674
358 782
52 109
289 373
626 54
112 69
743 39
370 62
705 353
635 630
709 228
184 688
251 175
340 307
52 197
716 348
666 562
351 733
106 365
770 532
843 246
664 185
613 565
619 466
753 178
806 132
609 515
386 457
522 711
805 143
383 407
239 370
594 159
560 787
723 321
258 355
750 618
548 713
793 179
775 466
583 487
303 551
37 631
330 451
750 787
751 245
324 837
390 504
781 62
212 351
488 672
509 342
522 45
170 695
488 719
104 386
86 483
662 109
315 569
192 50
634 841
88 654
418 290
805 364
490 330
400 547
293 82
649 311
613 78
562 422
748 317
403 424
8 173
12 615
693 87
807 420
690 417
728 107
161 735
19 668
421 133
319 111
431 92
453 79
37 256
348 352
792 598
834 209
28 581
468 538
106 318
272 159
667 273
517 567
516 577
464 139
392 504
497 213
246 445
748 412
731 547
261 389
359 824
518 534
372 849
495 803
82 794
671 315
91 616
403 225
613 675
377 254
786 610
31 319
371 15
317 514
690 28
638 115
325 503
842 636
846 128
453 361
171 558
654 360
223 425
22 283
209 203
54 477
808 385
404 808
782 579
581 794
694 486
35 528
555 499
812 482
608 648
651 619
603 495
182 165
102 443
160 445
381 27
170 266
85 791
55 335
700 219
151 230
562 212
471 511
2 370
314 310
482 449
563 15
468 796
734 36
685 43
528 848
416 814
146 251
461 529
337 665
375 97
813 397
650 292
444 400
211 570
36 813
103 421
97 646
319 405
767 678
455 495
169 130
25 563
67 798
673 239
423 264
64 476
343 81
36 146
404 459
153 154
27 455
302 719
363 114
842 739
223 636
354 294
616 173
599 586
87 221
569 326
608 300
41 779
540 379
192 233
138 694
177 270
786 10
628 25
522 394
498 21
527 362
584 660
432 737
73 606
609 380
518 411
581 766
731 827
223 48
783 617
147 211
775 355
780 289
466 665
270 740
515 20
443 452
509 272
534 131
191 773
363 541
846 245
461 169
57 36
165 779
518 107
425 3
726 612
788 360
219 328
812 150
578 305
321 835
620 353
595 435
128 115
48 442
88 684
199 759
416 285
290 330
595 246
629 682
618 758
343 719
788 826
554 289
519 22
45 629
545 34
659 627
37 145
498 538
84 265
199 54
442 420
443 512
23 179
775 334
764 203
635 823
768 184
202 306
166 276
336 768
341 684
250 550
434 84
788 493
76 84
268 475
280 711
194 251
639 783
749 849
53 324
592 250
739 678
42 666
840 366
87 254
198 466
163 726
727 387
820 743
267 161
68 729
3 30
199 369
442 268
743 206
643 561
585 271
366 216
653 307
629 148
561 476
587 310
592 128
593 729
778 573
304 397
163 450
541 821
746 242
802 365
18 62
643 262
129 327
221 270
590 500
719 110
459 665
26 268
634 658
142 690
343 241
273 778
42 819
339 633
376 237
623 46
480 283
817 583
77 252
6 269
482 226
90 434
734 635
610 701
438 194
67 756
549 404
643 713
238 416
371 705
580 318
174 573
66 218
491 158
476 701
844 319
284 335
489 452
592 269
541 775
788 596
522 213
121 395
82 147
529 724
173 104
622 418
75 432
80 266
362 818
240 192
300 508
624 235
789 405
34 688
748 562
730 37
143 525
658 147
112 153
609 701
810 803
464 806
175 759
683 822
601 276
71 392
290 33
368 726
119 556
86 671
196 382
714 511
201 845
847 706
234 330
29 288
55 90
520 305
579 614
631 471
336 663
836 631
531 845
144 441
642 773
4 128
682 633
737 498
8 413
838 561
640 157
696 106
2 272
349 199
763 601
798 545
56 654
401 67
330 768
832 489
745 230
285 347
513 248
570 820
737 410
557 602
633 151
686 139
526 842
174 351
506 449
598 541
127 638
219 278
811 615
373 768
178 741
337 560
138 22
486 5
566 419
159 779
718 496
179 716
200 76
699 569
210 339
237 127
628 187
792 372
173 610
321 791
432 489
470 657
43 593
152 397
320 484
599 294
147 146
831 196
634 384
800 45
690 772
711 185
421 630
300 470
393 716
377 471
513 694
95 293
45 422
349 186
465 360
33 407
507 472
730 428
770 395
708 792
143 207
679 468
332 52
166 781
80 180
720 211
821 692
716 596
603 519
568 653
607 276
350 178
122 181
66 710
398 836
679 461
117 169
370 128
280 168
706 147
64 783
285 788
549 461
753 735
422 825
666 766
8 530
557 712
48 275
698 719
145 325
346 661
498 632
766 694
612 597
461 394
563 776
54 246
312 635
151 2
464 257
157 247
693 293
648 783
62 225
104 439
503 337
163 148
39 659
356 533
414 39
768 162
842 105
185 797
388 372
304 803
368 832
129 745
84 238
492 737
419 557
701 446
116 545
11 573
466 167
379 305
803 124
770 367
93 153
9 186
792 303
482 214
412 192
110 823
474 460
699 797
790 803
153 126
467 231
379 345
269 560
789 329
353 220
778 672
469 558
620 594
339 840
659 198
842 679
295 231
525 631
505 596
624 596
849 591
392 792
545 377
609 626
315 324
308 685
678 484
299 217
707 228
85 696
509 189
274 98
442 573
659 502
441 310
191 584
692 163
567 75
504 602
478 561
318 767
11 213
160 521
31 195
165 453
367 589
759 479
638 823
752 407
843 375
656 606
559 590
469 220
512 567
17 261
623 493
112 330
458 145
738 242
820 359
280 693
796 152
361 334
451 3
824 156
695 316
292 367
205 709
462 204
49 89
400 56
439 659
722 269
81 403
193 407
674 533
234 230
393 677
640 540
237 598
425 303
75 475
772 323
811 792
26 685
176 273
30 76
732 318
129 474
628 386
399 708
599 501
237 340
846 488
352 311
711 108
320 618
248 247
363 588
18 161
54 190
368 294
325 664
643 575
535 416
247 312
528 135
141 193
597 712
769 28
382 254
347 8
365 425
228 719
744 121
191 765
731 277
788 415
741 473
89 835
18 756
462 517
581 427
48 798
715 150
574 650
847 488
776 18
319 789
765 848
137 776
15 790
264 730
782 241
851 751
709 186
341 837
397 446
199 427
453 636
175 121
37 120
439 558
213 760
449 509
72 645
180 27
71 329
354 41
652 410
604 488
605 176
150 769
360 320
72 199
350 532
837 271
717 767
408 799
652 370
187 112
851 217
119 416
484 470
66 578
105 677
208 682
282 26
273 543
474 383
274 317
76 164
742 625
704 12
285 144
216 84
182 825
73 603
494 851
727 696
834 436
728 740
476 832
256 521
508 459
700 412
41 493
477 448
813 102
62 348
249 652
552 720
364 489
112 402
133 36
307 388
128 103
703 728
510 709
134 510
542 395
359 223
628 292
517 258
305 32
560 524
285 787
344 134
437 29
205 209
667 42
73 364
441 272
561 348
601 339
657 417
668 397
429 21
621 800
215 179
833 816
725 770
771 496
369 718
530 332
536 16
773 301
614 611
745 720
391 304
771 613
634 276
191 407
644 429
222 10
628 441
672 483
546 174
842 637
527 150
379 161
551 225
741 312
445 790
621 786
465 307
139 190
158 750
435 827
38 597
661 109
648 371
102 502
372 351
290 145
132 425
595 339
227 631
441 847
812 714
453 138
801 658
203 264
318 150
101 360
388 480
751 419
509 607
437 482
449 316
205 577
593 616
616 407
212 450
821 781
169 830
527 463
15 300
181 655
692 61
13 401
604 788
110 544
187 354
603 737
439 8
243 238
260 459
752 569
78 220
632 691
704 388
400 663
611 351
442 126
465 439
525 820
353 367
220 729
372 735
430 280
213 136
847 585
206 308
611 138
306 60
289 92
57 488
829 261
408 137
328 240
563 531
642 341
774 387
560 758
151 277
190 720
526 597
135 240
819 810
164 830
274 170
480 666
137 788
483 224
162 673
204 190
42 33
557 307
208 825
294 604
722 261
807 94
572 730
795 374
139 807
653 108
114 625
391 144
161 342
417 160
81 489
305 315
427 11
531 625
256 710
521 94
633 372
604 435
752 268
697 202
787 690
536 72
632 497
27 761
522 300
469 836
36 121
827 261
356 701
30 44
676 412
534 91
204 633
280 826
389 435
468 777
273 304
575 577
442 18
192 128
266 651
303 185
87 726
616 807
375 432
785 302
779 773
84 191
434 26
236 402
423 124
62 530
228 289
639 705
37 336
441 498
337 788
410 66
655 806
88 344
145 172
512 636
718 137
830 280
669 753
451 515
70 299
681 342
760 326
513 445
141 468
273 145
453 467
354 130
372 658
824 820
159 537
661 821
494 734
249 281
412 341
313 776
136 271
102 147
672 630
729 144
340 748
253 797
182 726
556 492
559 574
413 56
472 161
790 735
289 505
243 818
72 32
608 557
751 586
184 452
479 375
304 334
621 202
416 663
457 237
549 627
270 571
586 664
721 442
154 390
508 452
209 767
364 490
164 737
477 133
801 588
309 439
275 763
576 433
632 206
334 417
264 498
837 54
284 145
397 820
34 539
724 10
156 445
418 352
148 743
575 313
816 206
262 211
566 355
35 536
133 44
47 554
218 132
776 742
457 741
500 80
570 576
682 134
187 812
539 102
154 392
412 411
698 717
719 369
849 69
364 454
130 32
96 752
79 434
663 795
525 105
250 102
639 31
750 118
574 373
538 71
497 333
321 500